0.003337264060974121
0.00046068429946899414
6.039813160896301e-05
0.0015105605125427246
0.0016460418701171875
0.00021117180585861206
0.002691507339477539
0.001553177833557129
0.0006582140922546387
0.012258529663085938
0.0009976625442504883
0.0001704767346382141
0.030162811279296875
3.360770642757416e-05
0.003021836280822754
0.013928413391113281
0.003489971160888672
0.00122910737991333
0.0054035186767578125
0.0049591064453125
0.00581669807434082
0.003401041030883789
0.012258529663085938
0.0003865361213684082
0.007717609405517578
0.007717609405517578
8.093938231468201e-05
0.0024878978729248047
0.030162811279296875
0.013928413391113281
0.003441452980041504
0.00047332048416137695
0.0037914514541625977
0.0030251741409301758
0.0009807944297790527
1.139196683652699e-07
0.01240396499633789
0.007717609405517578
0.0027583837509155273
0.030162811279296875
0.0032808780670166016
0.0022432804107666016
7.628276944160461e-05
0.0020656585693359375
0.0011647939682006836
0.0049591064453125
0.0007150769233703613
0.0017897486686706543
5.3396448493003845e-05
0.002119302749633789
0.0001287907361984253
0.0014899373054504395
0.002960801124572754
0.0003073066473007202
0.030162811279296875
1.0201241821050644e-05
0.0002312883734703064
0.001553177833557129
0.0023993253707885742
0.001390695571899414
0.0014899373054504395
0.00019377470016479492
0.0002560913562774658
0.003030061721801758
0.012709617614746094
0.0027260780334472656
0.00047004222869873047
0.010009765625
0.01240396499633789
0.0058023929595947266
0.0054035186767578125
9.794533252716064e-05
5.491077899932861e-06
3.3798860386013985e-06
0.00011418387293815613
0.012258529663085938
0.0011507868766784668
0.0011974573135375977
0.0012655854225158691
0.0006583929061889648
0.0024148225784301758
0.013928413391113281
0.0006871223449707031
0.012258529663085938
0.0019240379333496094
0.0015596747398376465
0.012258529663085938
0.003489971160888672
0.0021077394485473633
0.001598060131072998
0.007105350494384766
0.012709617614746094
0.013928413391113281
0.0027583837509155273
0.0006577670574188232
0.010009765625
2.676248550415039e-05
0.0017554759979248047
0.030162811279296875
0.0012539029121398926
0.012258529663085938
0.006544351577758789
0.006544351577758789
4.1491875890642405e-07
0.002890944480895996
0.0049591064453125
0.0071887969970703125
0.0010336637496948242
0.013928413391113281
0.0006185173988342285
0.0017897486686706543
0.0011507868766784668
0.012258529663085938
1.782085746526718e-05
0.0001565292477607727
0.0049591064453125
0.01240396499633789
0.00035218894481658936
0.030162811279296875
0.002960801124572754
0.0015801191329956055
0.002691507339477539
0.0049591064453125
0.012709617614746094
0.0013840794563293457
0.00581669807434082
9.974464774131775e-05
0.012258529663085938
0.012258529663085938
0.011291980743408203
2.778042107820511e-05
0.013928413391113281
0.0008059144020080566
0.003032088279724121
0.0003392249345779419
1.5998375602066517e-06
0.0006185173988342285
0.003489971160888672
0.008073806762695312
0.0008071660995483398
0.00039908289909362793
0.00038094818592071533
0.00122910737991333
0.0009807944297790527
1.6977079212665558e-05
0.0015801191329956055
0.013928413391113281
0.030162811279296875
3.100745379924774e-05
0.003489971160888672
0.01240396499633789
0.0017897486686706543
0.00021117180585861206
0.00029362738132476807
0.0024439096450805664
0.0016460418701171875
0.00017605721950531006
0.0009721517562866211
0.0023583173751831055
0.0007019639015197754
0.01240396499633789
0.0001651868224143982
0.0022101402282714844
0.030162811279296875
0.007105350494384766
0.001971006393432617
0.0032335519790649414
0.007717609405517578
3.270246088504791e-05
0.007105350494384766
0.0049591064453125
0.0005244016647338867
0.0008578002452850342
0.0011723041534423828
0.012709617614746094
0.0024439096450805664
0.030162811279296875
0.030162811279296875
0.0005936920642852783
3.0364608392119408e-06
3.380328416824341e-05
0.0015596747398376465
0.0010790824890136719
0.013928413391113281
0.001971006393432617
0.030162811279296875
0.002171635627746582
0.0021077394485473633
0.00044821202754974365
5.291774868965149e-05
0.001885831356048584
2.2484920918941498e-05
0.00581669807434082
0.0008016824722290039
0.0009233653545379639
7.81528651714325e-05
0.0005628466606140137
0.010186195373535156
5.118921399116516e-05
0.003489971160888672
0.010186195373535156
0.002691507339477539
0.011291980743408203
0.012709617614746094
0.003489971160888672
0.013928413391113281
0.007717609405517578
0.0001458302140235901
4.2632222175598145e-05
9.2286616563797e-05
0.0027583837509155273
0.0016815662384033203
0.007364511489868164
0.008073806762695312
0.0004141181707382202
0.003489971160888672
0.002691507339477539
0.003489971160888672
5.235197022557259e-06
0.030162811279296875
0.030162811279296875
0.030162811279296875
0.0010641217231750488
0.0016815662384033203
0.0005358457565307617
0.012709617614746094
5.89173287153244e-05
0.030162811279296875
0.0071887969970703125
0.012709617614746094
0.0022432804107666016
0.00010572001338005066
0.013928413391113281
5.443580448627472e-06
0.0008135139942169189
0.00581669807434082
0.0017897486686706543
0.012258529663085938
0.0001477450132369995
0.008073806762695312
0.001971006393432617
0.01240396499633789
0.002921581268310547
0.00122910737991333
0.0014391541481018066
0.0008282363414764404
0.00122910737991333
0.011291980743408203
0.0054035186767578125
0.0004263967275619507
0.001553177833557129
0.012709617614746094
0.00015924125909805298
0.00014299899339675903
0.0030039548873901367
4.078727215528488e-06
0.0010336637496948242
0.001959085464477539
0.0021077394485473633
0.0031585693359375
0.007717609405517578
0.013928413391113281
0.010186195373535156
0.00046068429946899414
3.150664269924164e-05
0.003337264060974121
0.001585841178894043
0.003489971160888672
0.0049591064453125
0.0007150769233703613
0.030162811279296875
0.0027260780334472656
0.00029997527599334717
0.0020095109939575195
0.002890944480895996
0.0010336637496948242
0.030162811279296875
0.0032808780670166016
2.2135209292173386e-06
0.0001559033989906311
0.030162811279296875
0.000641942024230957
0.003337264060974121
0.003489971160888672
0.012258529663085938
0.0011507868766784668
0.0018413066864013672
0.0014165043830871582
0.00038771331310272217
0.0058023929595947266
0.00015018880367279053
0.00023435801267623901
0.0049591064453125
3.925524652004242e-06
0.0013827681541442871
0.00122910737991333
0.00015290826559066772
9.655952453613281e-05
2.4868175387382507e-05
0.0004609823226928711
0.003401041030883789
3.098108436461189e-10
0.0007954239845275879
0.010009765625
0.00047753751277923584
0.003489971160888672
0.0021077394485473633
0.0006577670574188232
0.0049591064453125
0.0027583837509155273
0.010186195373535156
0.0020656585693359375
0.0009575486183166504
0.010009765625
0.01240396499633789
0.003489971160888672
0.0013840794563293457
0.00015018880367279053
0.010009765625
0.0015105605125427246
9.861774742603302e-06
0.010186195373535156
0.0022432804107666016
8.995085954666138e-05
0.0015801191329956055
1.5756115317344666e-05
0.0003392249345779419
0.007717609405517578
0.008073806762695312
0.003441452980041504
0.0016460418701171875
0.030162811279296875
0.0005403459072113037
0.0008071660995483398
0.0008249878883361816
2.199597656726837e-05
0.0002965480089187622
0.030162811279296875
0.0009575486183166504
0.0022432804107666016
0.000641942024230957
0.00023651123046875
0.001367032527923584
0.012258529663085938
0.010009765625
0.01240396499633789
0.0002779364585876465
0.00581669807434082
0.010009765625
0.007717609405517578
4.772573447553441e-10
0.003441452980041504
0.030162811279296875
0.0054035186767578125
0.00122910737991333
0.007364511489868164
0.010009765625
0.01240396499633789
0.0016707181930541992
4.858151078224182e-05
0.00015678256750106812
0.007717609405517578
0.012258529663085938
0.0016707181930541992
0.008073806762695312
0.003489971160888672
0.0017518997192382812
0.0058023929595947266
0.01240396499633789
0.0001512393355369568
6.799120455980301e-06
0.0012539029121398926
0.0014497637748718262
0.0010336637496948242
0.007717609405517578
0.012258529663085938
0.00030528008937835693
0.00581669807434082
0.00047229230403900146
0.012709617614746094
0.003489971160888672
0.012709617614746094
4.2632222175598145e-05
0.002960801124572754
0.011291980743408203
0.0013827681541442871
9.2286616563797e-05
0.030162811279296875
2.778042107820511e-05
0.0007019639015197754
0.0049591064453125
0.0027583837509155273
6.427871994674206e-07
0.030162811279296875
0.00045891106128692627
0.0054035186767578125
0.00581669807434082
0.030162811279296875
0.001019120216369629
3.212044248357415e-07
0.00031904876232147217
0.0049591064453125
0.010186195373535156
0.012258529663085938
0.002489805221557617
0.0049591064453125
0.0049591064453125
0.00045649707317352295
0.0019342899322509766
2.4067237973213196e-05
0.001818239688873291
3.1025529367845195e-14
0.0011507868766784668
0.01240396499633789
0.012709617614746094
0.0001127980649471283
0.0004263967275619507
0.01240396499633789
5.421694368124008e-06
0.00038908421993255615
0.0012557506561279297
0.0071887969970703125
0.0005034506320953369
1.4175660908222198e-05
0.00581669807434082
0.013928413391113281
0.0037914514541625977
0.0003482401371002197
0.007717609405517578
0.010009765625
0.012709617614746094
0.00242769718170166
0.0013840794563293457
4.527159035205841e-05
0.003489971160888672
0.00011052563786506653
0.0005199313163757324
0.0012539029121398926
0.0009976625442504883
0.0005693137645721436
0.0006552636623382568
0.0005665421485900879
0.001959085464477539
0.0032808780670166016
0.002934098243713379
0.030162811279296875
0.030162811279296875
0.0009184777736663818
0.00042307376861572266
0.0004615485668182373
0.0009998679161071777
0.005903720855712891
0.0011046528816223145
0.0020095109939575195
0.00021011382341384888
6.459886208176613e-07
0.0011757612228393555
0.00027504563331604004
0.003337264060974121
0.030162811279296875
0.001818239688873291
0.0014899373054504395
2.21962109208107e-05
0.011291980743408203
0.005903720855712891
0.002890944480895996
0.001755833625793457
1.6860576579347253e-07
0.0030251741409301758
3.517232835292816e-05
0.00581669807434082
0.0002675652503967285
0.0004788637161254883
0.0003785938024520874
0.007717609405517578
9.022653102874756e-05
0.01240396499633789
0.013928413391113281
0.008073806762695312
0.002119302749633789
4.1639432311058044e-05
0.01240396499633789
0.00022795796394348145
0.013928413391113281
0.0001949518918991089
7.933471351861954e-06
0.00023102015256881714
0.0016460418701171875
0.0022432804107666016
0.0004905760288238525
0.013928413391113281
0.030162811279296875
0.0011757612228393555
0.0015698671340942383
0.0014899373054504395
0.0031585693359375
0.013928413391113281
0.00023435801267623901
0.007364511489868164
3.508478403091431e-05
0.0033195018768310547
0.012709617614746094
0.001585841178894043
0.010009765625
0.010009765625
1.35891605168581e-06
0.0017518997192382812
0.00581669807434082
0.0008247196674346924
0.0007686018943786621
0.0011507868766784668
0.0009998679161071777
0.0008578002452850342
0.0017985701560974121
0.003337264060974121
0.00581669807434082
0.0016815662384033203
0.0002907365560531616
0.0050771236419677734
0.030162811279296875
0.0009353160858154297
0.0071887969970703125
0.0017897486686706543
0.00032392144203186035
3.15103679895401e-05
0.011291980743408203
0.0027583837509155273
0.0037914514541625977
0.01240396499633789
0.003032088279724121
9.554668167766067e-11
1.2116041034460068e-05
0.006544351577758789
0.0014497637748718262
6.880611181259155e-05
0.0004141181707382202
0.003489971160888672
0.0002303868532180786
0.0016460418701171875
7.523703970946372e-08
0.0018846392631530762
0.00015717744827270508
0.0017518997192382812
0.003030061721801758
0.003441452980041504
0.00021705031394958496
0.0009056329727172852
0.0031585693359375
0.0050771236419677734
0.00029227137565612793
0.013928413391113281
0.030162811279296875
0.004473447799682617
0.005903720855712891
0.0006185173988342285
0.030162811279296875
0.0008059144020080566
0.00015889108180999756
0.01240396499633789
0.001277327537536621
0.013928413391113281
0.00047332048416137695
2.5775283575057983e-05
0.00011111050844192505
0.003489971160888672
0.00018856674432754517
0.006544351577758789
0.012258529663085938
0.00019644945859909058
4.509091377258301e-05
8.544884622097015e-06
0.01240396499633789
0.003032088279724121
1.4069955796003342e-06
0.0009807944297790527
0.003489971160888672
5.659821908921003e-07
0.001959681510925293
1.4206161722540855e-06
0.0004884302616119385
0.0006708204746246338
0.0030251741409301758
0.006544351577758789
0.0003759711980819702
0.0008135139942169189
0.001553177833557129
0.002691507339477539
1.767999492585659e-06
0.030162811279296875
0.012258529663085938
0.0008059144020080566
0.030162811279296875
0.003032088279724121
7.243826985359192e-05
0.0006552636623382568
0.0017897486686706543
0.010009765625
0.0005936920642852783
0.001585841178894043
0.0032808780670166016
8.294591680169106e-07
0.00581669807434082
0.0054035186767578125
0.0021077394485473633
0.00046321749687194824
0.0017897486686706543
2.058129757642746e-05
0.030162811279296875
0.007105350494384766
0.002483367919921875
0.0013750195503234863
0.013928413391113281
0.006544351577758789
0.006544351577758789
0.00036178529262542725
0.0030251741409301758
0.0001240745186805725
0.013928413391113281
0.0013840794563293457
0.0037914514541625977
0.0003304034471511841
0.007105350494384766
0.008073806762695312
0.0049591064453125
0.00046068429946899414
0.0006645321846008301
0.013928413391113281
0.003401041030883789
0.0008016824722290039
0.0018846392631530762
0.0016815662384033203
0.0011507868766784668
0.00581669807434082
0.010009765625
0.0054035186767578125
0.008073806762695312
0.0049591064453125
0.0018846392631530762
5.4718926548957825e-05
0.010186195373535156
0.0016460418701171875
0.0049591064453125
0.00267946720123291
0.005903720855712891
0.00038094818592071533
0.01240396499633789
0.00014800578355789185
9.872019290924072e-05
0.030162811279296875
0.0003701150417327881
0.0027583837509155273
0.0002991706132888794
0.0009372234344482422
0.0049591064453125
0.012258529663085938
0.0049591064453125
0.0049591064453125
2.1646730601787567e-05
0.002119302749633789
0.01240396499633789
0.030162811279296875
0.0006185173988342285
0.0027260780334472656
0.0011757612228393555
0.010009765625
0.0014421343803405762
0.00242769718170166
0.003489971160888672
0.0001289471983909607
0.0017518997192382812
0.0011507868766784668
0.00014473497867584229
0.012258529663085938
0.01240396499633789
0.0017518997192382812
0.00046321749687194824
4.817359149456024e-05
0.00039312243461608887
2.6230700314044952e-06
0.002483367919921875
0.003337264060974121
0.00014493614435195923
0.008073806762695312
0.0009184777736663818
0.0016460418701171875
0.0024148225784301758
0.0071887969970703125
0.010186195373535156
0.0027583837509155273
0.0003673732280731201
0.00581669807434082
0.013928413391113281
0.012258529663085938
9.036622941493988e-06
0.002691507339477539
0.030162811279296875
0.0049591064453125
0.0015801191329956055
0.0015596747398376465
0.0012557506561279297
0.0017554759979248047
0.0003865361213684082
0.00046753883361816406
0.0049591064453125
0.00046631693840026855
0.0032335519790649414
0.0071887969970703125
0.0027583837509155273
0.013928413391113281
0.007364511489868164
4.0143728256225586e-05
0.0014421343803405762
0.011291980743408203
0.00122910737991333
0.012258529663085938
6.17094337940216e-05
3.4786760807037354e-05
0.030162811279296875
0.012709617614746094
0.012709617614746094
0.0011355876922607422
0.003441452980041504
0.0049591064453125
0.0037914514541625977
0.0049591064453125
4.1056424379348755e-05
0.0013496875762939453
0.00030528008937835693
0.010186195373535156
0.0022432804107666016
0.0008135139942169189
0.0018846392631530762
0.030162811279296875
0.005903720855712891
7.295981049537659e-05
0.003032088279724121
0.0014391541481018066
0.00122910737991333
0.0049591064453125
0.0018846392631530762
0.00581669807434082
0.002489805221557617
0.011291980743408203
8.41282308101654e-05
1.1339434422552586e-06
0.0012557506561279297
0.001959681510925293
0.002890944480895996
0.007105350494384766
8.915085345506668e-06
0.012258529663085938
4.527159035205841e-05
0.002934098243713379
0.0016460418701171875
0.0005019605159759521
0.003489971160888672
2.3512402549386024e-06
0.0026596784591674805
5.742907524108887e-05
0.007717609405517578
1.7045065760612488e-05
0.0017897486686706543
0.013928413391113281
0.0006577670574188232
0.013928413391113281
0.001553177833557129
3.968551754951477e-05
8.39531421661377e-05
9.657815098762512e-05
0.0012655854225158691
0.0058023929595947266
0.013928413391113281
0.030162811279296875
0.0032335519790649414
0.0019017457962036133
0.0037914514541625977
0.0005268752574920654
0.0020095109939575195
0.0030039548873901367
0.002934098243713379
0.0012539029121398926
8.995085954666138e-05
0.00046068429946899414
0.005903720855712891
0.0011507868766784668
0.00044827163219451904
0.0006098747253417969
0.00019432604312896729
0.00046068429946899414
0.00581669807434082
0.00020510703325271606
0.0012655854225158691
0.012258529663085938
0.001885831356048584
0.003441452980041504
0.003489971160888672
0.0049591064453125
0.013928413391113281
0.007717609405517578
0.0014847517013549805
0.030162811279296875
0.0049591064453125
0.00044827163219451904
0.0006577670574188232
0.030162811279296875
0.0049591064453125
0.012258529663085938
0.0032335519790649414
0.000641942024230957
5.0866976380348206e-05
0.00020836293697357178
0.0002027750015258789
0.0014497637748718262
0.00011865794658660889
0.0024148225784301758
0.003441452980041504
0.0014899373054504395
0.0008282363414764404
0.0013750195503234863
0.005903720855712891
0.0022432804107666016
0.030162811279296875
0.00023148208856582642
6.039813160896301e-05
1.5171710401773453e-05
0.0008110105991363525
0.0002070218324661255
0.002890944480895996
0.00039312243461608887
0.0030251741409301758
0.012258529663085938
0.0006353557109832764
0.0008059144020080566
0.0027583837509155273
0.0013496875762939453
7.381290197372437e-05
0.0031585693359375
0.001755833625793457
0.003030061721801758
0.011291980743408203
0.0010921955108642578
0.0012539029121398926
5.721673369407654e-05
0.0002303868532180786
0.012709617614746094
9.598210453987122e-05
0.010186195373535156
0.002934098243713379
0.0049591064453125
0.001959681510925293
0.0009976625442504883
0.0003051161766052246
0.0011507868766784668
0.0002035275101661682
0.0015596747398376465
0.01240396499633789
0.0037914514541625977
0.0049591064453125
0.030162811279296875
0.0008016824722290039
0.00047004222869873047
0.01240396499633789
0.012258529663085938
0.030162811279296875
0.007364511489868164
0.00048610568046569824
0.0015596747398376465
0.0027583837509155273
0.002934098243713379
0.012709617614746094
9.266659617424011e-05
0.008073806762695312
3.832858055830002e-06
0.007717609405517578
0.0050771236419677734
0.010186195373535156
0.002119302749633789
0.012709617614746094
0.0006583929061889648
0.0030251741409301758
0.0058023929595947266
0.0032335519790649414
0.003021836280822754
0.0009807944297790527
0.00011111050844192505
0.003489971160888672
0.012258529663085938
9.857863187789917e-05
0.0031585693359375
0.0016425251960754395
0.00019578635692596436
0.00015018880367279053
0.0008059144020080566
0.030162811279296875
0.0007140040397644043
0.0012587308883666992
0.004473447799682617
0.0037914514541625977
0.0030251741409301758
0.002890944480895996
0.003489971160888672
0.030162811279296875
0.00013468414545059204
0.0019342899322509766
0.01240396499633789
0.00015835464000701904
0.0016815662384033203
0.0023583173751831055
0.0013496875762939453
0.000327184796333313
0.0002550780773162842
0.003489971160888672
0.01240396499633789
0.0016815662384033203
0.030162811279296875
0.0049591064453125
0.005903720855712891
0.00016923993825912476
0.0006353557109832764
9.520736057311296e-07
0.00267946720123291
0.0030251741409301758
0.0002869069576263428
0.0005932450294494629
0.010009765625
0.0010641217231750488
0.0010790824890136719
0.0031585693359375
0.002960801124572754
0.0020656585693359375
2.7645728550851345e-07
0.0015801191329956055
0.0003337264060974121
0.0017985701560974121
0.0007019639015197754
0.00267946720123291
0.0049591064453125
0.0049591064453125
0.0011723041534423828
0.010186195373535156
0.012258529663085938
0.012258529663085938
0.006544351577758789
0.002934098243713379
0.003441452980041504
0.0014414787292480469
0.0050771236419677734
2.9199756681919098e-05
0.0007019639015197754
3.380328416824341e-05
0.011291980743408203
0.008073806762695312
0.002890944480895996
0.0002134367823600769
0.0058023929595947266
0.0017518997192382812
0.0009721517562866211
0.00013468414545059204
0.0003865361213684082
0.0004089176654815674
0.012709617614746094
0.0006645321846008301
0.0003558844327926636
0.003021836280822754
0.0013496875762939453
0.0020656585693359375
0.012258529663085938
0.0031585693359375
2.9595685191452503e-07
0.0037914514541625977
0.003337264060974121
0.011291980743408203
0.002921581268310547
0.0016815662384033203
6.589980330318213e-07
0.013928413391113281
0.001959681510925293
0.010009765625
0.0009998679161071777
0.0050771236419677734
0.0008282363414764404
0.0006353557109832764
0.001885831356048584
0.002489805221557617
0.0011507868766784668
0.0014731884002685547
0.013928413391113281
0.0010336637496948242
2.1171290427446365e-06
6.836780812591314e-07
0.0005358457565307617
0.0017518997192382812
0.012258529663085938
0.011291980743408203
0.0049591064453125
0.0022101402282714844
0.0049591064453125
0.0010661482810974121
0.030162811279296875
0.013928413391113281
8.552148938179016e-05
0.010186195373535156
1.3504177331924438e-05
0.00015357881784439087
0.0010738372802734375
0.008073806762695312
0.030162811279296875
0.0022432804107666016
0.0030251741409301758
0.0032335519790649414
0.002691507339477539
0.0030251741409301758
0.0013840794563293457
3.4786760807037354e-05
0.001367032527923584
0.012709617614746094
0.00038094818592071533
0.030162811279296875
0.0054035186767578125
0.00015717744827270508
0.0054035186767578125
2.4859793484210968e-05
4.527159035205841e-05
0.00122910737991333
0.013928413391113281
0.00015877187252044678
0.007717609405517578
0.0027583837509155273
0.00581669807434082
0.002489805221557617
0.0050771236419677734
0.0007643699645996094
0.003337264060974121
0.0016815662384033203
0.003441452980041504
2.4983659386634827e-05
7.486715912818909e-05
0.003489971160888672
0.013928413391113281
0.0021077394485473633
3.642780939117074e-07
0.0049591064453125
0.013928413391113281
0.008073806762695312
0.00019432604312896729
0.0014421343803405762
4.02349978685379e-05
0.001585841178894043
0.00039692223072052
0.0032808780670166016
0.001585841178894043
0.01240396499633789
0.002960801124572754
0.002119302749633789
4.4252374209463596e-07
0.003441452980041504
0.0014497637748718262
0.00012338906526565552
0.0013520121574401855
0.0001748204231262207
0.010009765625
8.197501301765442e-05
0.0049591064453125
7.384456694126129e-06
0.01240396499633789
0.0007424652576446533
0.00018458813428878784
0.010186195373535156
0.0018846392631530762
0.0010336637496948242
0.013928413391113281
0.00010195374488830566
0.0016460418701171875
0.0010738372802734375
0.0014731884002685547
0.0008578002452850342
0.0008606612682342529
1.4292541891336441e-05
0.012258529663085938
0.0005043745040893555
0.0021077394485473633
0.0008578002452850342
0.01240396499633789
0.030162811279296875
0.012258529663085938
0.0022432804107666016
0.013928413391113281
0.0030251741409301758
0.011291980743408203
0.013928413391113281
0.0049591064453125
0.0006541013717651367
0.012709617614746094
0.00581669807434082
0.001926720142364502
0.0021077394485473633
0.0031585693359375
0.0032335519790649414
0.00047332048416137695
0.012258529663085938
0.0005767643451690674
0.030162811279296875
2.6373891159892082e-06
0.030162811279296875
5.0156377255916595e-06
0.0030251741409301758
0.00014969706535339355
0.00017743557691574097
0.000713735818862915
2.2445805370807648e-05
0.0050771236419677734
9.635090827941895e-05
0.010009765625
0.0006275177001953125
0.0049591064453125
0.0008071660995483398
0.00039908289909362793
0.000606834888458252
0.00016567856073379517
0.0033195018768310547
0.0071887969970703125
3.1832605600357056e-05
0.0008150041103363037
0.007364511489868164
1.8835999071598053e-05
0.0019872188568115234
0.012258529663085938
7.359683513641357e-05
0.030162811279296875
0.0009807944297790527
0.00016144663095474243
0.0005936920642852783
0.010009765625
0.0017518997192382812
0.0049591064453125
0.00023102015256881714
0.00023435801267623901
0.001818239688873291
0.013928413391113281
0.0006442666053771973
0.013928413391113281
0.013928413391113281
0.00581669807434082
0.0049591064453125
0.0049591064453125
0.003030061721801758
0.0007818937301635742
0.01240396499633789
0.030162811279296875
0.010009765625
0.0008135139942169189
8.234754204750061e-06
0.0016460418701171875
0.002960801124572754
0.0002675652503967285
0.0021077394485473633
0.00581669807434082
0.0004596412181854248
0.0030039548873901367
0.0019872188568115234
0.000523000955581665
0.0032335519790649414
0.003489971160888672
7.872283458709717e-05
0.0010641217231750488
0.0006583929061889648
0.0010790824890136719
0.0010790824890136719
0.012258529663085938
0.0037914514541625977
0.0049591064453125
0.002890944480895996
0.0002035275101661682
0.003441452980041504
0.0014899373054504395
0.012258529663085938
0.0003392249345779419
0.030162811279296875
0.002890944480895996
0.004473447799682617
0.0032335519790649414
0.0018846392631530762
0.001959681510925293
0.0004092305898666382
0.0009807944297790527
0.0024148225784301758
0.0037914514541625977
0.0027583837509155273
0.0027260780334472656
4.298053681850433e-06
0.001971006393432617
7.100775837898254e-05
0.012258529663085938
0.010009765625
0.007717609405517578
0.003337264060974121
0.004473447799682617
3.614462912082672e-05
0.010186195373535156
0.010009765625
0.010186195373535156
5.519576370716095e-05
0.012258529663085938
0.00038908421993255615
0.00010750070214271545
0.0019342899322509766
0.003032088279724121
0.00242769718170166
0.030162811279296875
0.013928413391113281
0.0015105605125427246
0.0049591064453125
0.012258529663085938
0.010009765625
0.003441452980041504
0.0004089176654815674
8.789635685957364e-13
2.222694456577301e-05
0.002171635627746582
0.0005914568901062012
0.008073806762695312
0.010009765625
0.010009765625
0.010009765625
0.0037914514541625977
0.013928413391113281
0.003337264060974121
0.0009184777736663818
0.003441452980041504
0.0054035186767578125
0.00046068429946899414
0.0049591064453125
0.00016179680824279785
0.0049591064453125
0.012709617614746094
0.030162811279296875
0.0021077394485473633
0.0019342899322509766
0.002483367919921875
0.0009998679161071777
0.01240396499633789
4.61796298623085e-06
0.0024148225784301758
0.0005545616149902344
0.012709617614746094
0.010009765625
0.002119302749633789
0.0049591064453125
0.003337264060974121
0.0007860958576202393
0.012709617614746094
0.0054035186767578125
0.0021077394485473633
0.0022432804107666016
0.0049591064453125
0.002890944480895996
0.010009765625
0.012258529663085938
0.030162811279296875
1.049309503287077e-06
0.0008071660995483398
0.013928413391113281
0.0010790824890136719
4.256580723449588e-07
0.0001089051365852356
0.0003395378589630127
0.002691507339477539
0.0007860958576202393
0.0026596784591674805
1.4120712876319885e-05
0.0010921955108642578
0.003489971160888672
0.0008247196674346924
0.0022432804107666016
0.00023129582405090332
0.0049591064453125
0.030162811279296875
0.0008387863636016846
0.013928413391113281
8.666515350341797e-05
0.003489971160888672
0.030162811279296875
0.00581669807434082
0.013928413391113281
0.0005358457565307617
0.0008071660995483398
0.0017897486686706543
0.0015596747398376465
8.666515350341797e-05
0.030162811279296875
0.030162811279296875
0.0014731884002685547
3.6835670471191406e-05
0.002934098243713379
0.0016815662384033203
0.00122910737991333
0.012258529663085938
0.012258529663085938
0.012258529663085938
0.0049591064453125
0.0016707181930541992
0.0030251741409301758
0.00046068429946899414
0.003489971160888672
0.012709617614746094
0.010186195373535156
0.003441452980041504
0.0009056329727172852
0.0023993253707885742
0.0032335519790649414
0.0030039548873901367
0.030162811279296875
0.0011507868766784668
0.00044821202754974365
0.0010790824890136719
0.00242769718170166
0.030162811279296875
0.0004141181707382202
0.010009765625
7.325038313865662e-05
0.0018413066864013672
0.0015698671340942383
0.007717609405517578
0.003441452980041504
0.00015717744827270508
0.0002134367823600769
0.00036957859992980957
0.0049591064453125
6.700167432427406e-06
0.007717609405517578
0.0001502111554145813
0.008073806762695312
0.0023856163024902344
0.012709617614746094
0.000713735818862915
0.001390695571899414
0.0007881224155426025
0.004473447799682617
0.0032335519790649414
7.3802657425403595e-06
2.5622546672821045e-05
0.00036825239658355713
0.030162811279296875
9.294599294662476e-05
3.6835670471191406e-05
0.0013840794563293457
0.0012001991271972656
0.0004042983055114746
0.012709617614746094
0.001390695571899414
0.00038771331310272217
0.0012557506561279297
0.0058023929595947266
0.010186195373535156
0.0008282363414764404
0.0049591064453125
0.003441452980041504
0.0008932650089263916
0.0005665421485900879
0.0004043281078338623
0.0002719461917877197
4.867091774940491e-06
0.002934098243713379
0.007717609405517578
0.013928413391113281
0.030162811279296875
0.00023651123046875
0.013928413391113281
0.0009721517562866211
0.0032808780670166016
0.001885831356048584
0.004473447799682617
0.003441452980041504
0.0011507868766784668
0.0002790391445159912
0.0030251741409301758
0.0008135139942169189
0.008073806762695312
0.00038908421993255615
0.00027680397033691406
0.0008282363414764404
3.4890836104750633e-06
0.001390695571899414
0.0049591064453125
0.030162811279296875
0.012258529663085938
0.006544351577758789
0.0016933679580688477
1.1450611054897308e-05
0.0010661482810974121
5.358457565307617e-05
0.0022432804107666016
0.001390695571899414
0.001089334487915039
0.0014899373054504395
0.0001190081238746643
0.0037914514541625977
0.011291980743408203
1.3153068721294403e-05
0.0020656585693359375
0.012709617614746094
0.0014899373054504395
0.0049591064453125
0.030162811279296875
0.0012587308883666992
0.003021836280822754
0.0071887969970703125
0.010186195373535156
0.0005986988544464111
0.030162811279296875
0.0002491772174835205
0.0009575486183166504
0.001926720142364502
0.0003426969051361084
0.013928413391113281
7.628276944160461e-05
0.0037914514541625977
0.0016460418701171875
0.0006059408187866211
0.0005885660648345947
0.002890944480895996
0.0032808780670166016
0.0008059144020080566
0.00017595291137695312
0.001585841178894043
1.7436686903238297e-06
0.0014069676399230957
0.0027583837509155273
0.010009765625
0.0018846392631530762
0.013928413391113281
0.0012655854225158691
8.995085954666138e-05
0.0005969703197479248
5.098991096019745e-06
0.008073806762695312
0.003401041030883789
0.0011507868766784668
0.0017518997192382812
0.010186195373535156
0.000517725944519043
0.0021077394485473633
0.002890944480895996
0.030162811279296875
0.0024148225784301758
0.0015105605125427246
0.0004547685384750366
0.013928413391113281
0.012258529663085938
2.4231667339336127e-08
0.0008016824722290039
6.817514076828957e-06
0.010009765625
0.00045891106128692627
0.001585841178894043
0.00267946720123291
0.012258529663085938
0.0002468973398208618
0.012258529663085938
0.00046068429946899414
0.01240396499633789
0.00015877187252044678
0.000693589448928833
0.0013496875762939453
0.002119302749633789
0.00013174116611480713
0.0032335519790649414
0.001089334487915039
2.1649524569511414e-05
0.012709617614746094
0.002934098243713379
0.0023993253707885742
5.211681127548218e-05
0.01240396499633789
0.0008247196674346924
1.1210795491933823e-06
0.002691507339477539
0.0021077394485473633
0.0071887969970703125
3.0169030651450157e-06
0.0014497637748718262
0.013928413391113281
0.0031585693359375
0.002890944480895996
0.000606834888458252
0.0010641217231750488
0.0012557506561279297
0.003489971160888672
0.0017518997192382812
0.0013520121574401855
0.0011647939682006836
0.0071887969970703125
3.0156224966049194e-06
0.0010661482810974121
0.010186195373535156
0.00031544268131256104
0.0007698535919189453
0.012258529663085938
0.0014497637748718262
0.01240396499633789
0.0006807148456573486
0.030162811279296875
0.030162811279296875
0.0017518997192382812
0.0008282363414764404
0.0010921955108642578
0.0030039548873901367
0.0006059408187866211
0.001926720142364502
0.0006582140922546387
0.0054035186767578125
0.012258529663085938
0.012709617614746094
0.00025935471057891846
0.0027260780334472656
0.003441452980041504
0.0003668367862701416
0.0022101402282714844
0.00122910737991333
0.0049591064453125
0.0013520121574401855
0.006544351577758789
0.00013468414545059204
0.0030039548873901367
0.0014391541481018066
0.0026596784591674805
0.0032335519790649414
0.010009765625
0.013928413391113281
9.650648280512542e-09
0.0003673732280731201
0.0049591064453125
0.030162811279296875
0.002691507339477539
0.005903720855712891
0.004473447799682617
0.0049591064453125
0.0019240379333496094
0.0050771236419677734
0.0007881224155426025
0.012709617614746094
0.002691507339477539
4.9258233048021793e-08
0.0010921955108642578
0.001926720142364502
0.00020252913236618042
1.5912228263914585e-06
0.003032088279724121
0.0027583837509155273
0.013928413391113281
0.012258529663085938
0.0022432804107666016
0.0007019639015197754
0.0037914514541625977
0.0014899373054504395
0.003441452980041504
0.0049591064453125
0.0008282363414764404
0.001585841178894043
0.012709617614746094
0.001367032527923584
0.001926720142364502
0.0016815662384033203
0.0005665421485900879
0.012709617614746094
0.0023856163024902344
3.164820373058319e-05
0.0005986988544464111
0.0005358457565307617
0.012258529663085938
4.027737304568291e-06
0.010186195373535156
0.0005358457565307617
0.030162811279296875
0.0008071660995483398
0.0006059408187866211
0.0011647939682006836
0.002691507339477539
0.0004043281078338623
0.012258529663085938
0.00015717744827270508
0.010186195373535156
8.234754204750061e-06
0.012709617614746094
9.549781680107117e-06
0.002934098243713379
0.0032335519790649414
0.013928413391113281
0.0058023929595947266
0.003441452980041504
0.010186195373535156
0.0027260780334472656
1.712888479232788e-05
0.030162811279296875
0.0014899373054504395
0.007105350494384766
0.0049591064453125
0.005903720855712891
0.002489805221557617
0.00267946720123291
0.0022432804107666016
0.002691507339477539
0.00036887824535369873
0.0023583173751831055
0.013928413391113281
0.0016815662384033203
4.509091377258301e-05
0.0006532073020935059
0.004473447799682617
0.010186195373535156
0.0017897486686706543
0.0014899373054504395
0.007717609405517578
1.3478565961122513e-05
4.479847848415375e-05
0.0010790824890136719
2.1622516214847565e-05
0.0010641217231750488
7.628276944160461e-05
0.002960801124572754
0.0049591064453125
0.012709617614746094
0.00023102015256881714
0.008073806762695312
0.003489971160888672
0.0006421208381652832
0.002483367919921875
0.012258529663085938
0.0003997236490249634
0.003489971160888672
0.010186195373535156
0.010186195373535156
0.00122910737991333
0.0008059144020080566
0.003489971160888672
0.013928413391113281
0.0001477450132369995
0.003441452980041504
0.01240396499633789
0.012709617614746094
0.0016815662384033203
0.003030061721801758
0.00581669807434082
0.013928413391113281
0.0027583837509155273
0.0049591064453125
0.0011355876922607422
0.008073806762695312
0.012709617614746094
0.00023102015256881714
0.0009056329727172852
0.002890944480895996
1.9886530935764313e-05
0.0030251741409301758
0.0030251741409301758
0.0050771236419677734
9.554668167766067e-11
0.00044821202754974365
0.0024148225784301758
0.0014899373054504395
0.0011046528816223145
0.000641942024230957
0.010186195373535156
0.001390695571899414
0.012258529663085938
3.061177267227322e-08
0.0014899373054504395
0.0017897486686706543
1.5611760318279266e-05
0.030162811279296875
0.0009155571460723877
0.0013840794563293457
0.005903720855712891
0.00046978890895843506
0.0003722161054611206
0.0006871223449707031
0.003441452980041504
0.01240396499633789
0.00017517060041427612
0.010186195373535156
0.030162811279296875
0.0016460418701171875
0.0033195018768310547
0.0049591064453125
0.012709617614746094
0.007364511489868164
0.0058023929595947266
0.0008016824722290039
0.0049591064453125
0.00043591856956481934
0.010009765625
0.00029227137565612793
0.0015415549278259277
0.0014421343803405762
0.030162811279296875
0.0024439096450805664
0.002934098243713379
0.0054035186767578125
2.707168459892273e-05
0.013928413391113281
0.0008606612682342529
0.006544351577758789
0.0071887969970703125
1.076655462384224e-05
0.002934098243713379
0.013928413391113281
0.0010970830917358398
0.012258529663085938
0.003441452980041504
0.003489971160888672
0.0018846392631530762
0.006544351577758789
0.0049591064453125
0.003032088279724121
0.013928413391113281
0.012258529663085938
0.005903720855712891
0.0005034506320953369
0.002890944480895996
0.012258529663085938
0.0015596747398376465
7.79004767537117e-06
0.010009765625
0.013928413391113281
0.00036354362964630127
0.030162811279296875
6.872788071632385e-05
0.0005693137645721436
0.012258529663085938
0.0030251741409301758
0.030162811279296875
0.012258529663085938
0.0011507868766784668
0.0017104148864746094
0.0006442666053771973
0.00019440054893493652
0.0021077394485473633
0.0013750195503234863
0.0012557506561279297
0.00046068429946899414
0.030162811279296875
0.0016748905181884766
0.0009807944297790527
0.013928413391113281
0.00047004222869873047
0.003401041030883789
0.003441452980041504
0.003030061721801758
0.0054035186767578125
0.0020095109939575195
0.00030171871185302734
0.012258529663085938
0.0019872188568115234
0.030162811279296875
0.00010750070214271545
0.013928413391113281
0.00038908421993255615
0.0003759711980819702
0.001926720142364502
0.012709617614746094
0.030162811279296875
0.001367032527923584
0.00010549649596214294
0.0009705424308776855
0.0049591064453125
1.808255910873413e-05
6.837025284767151e-05
0.0002483576536178589
0.013928413391113281
0.01240396499633789
0.0007100999355316162
0.030162811279296875
0.0001970529556274414
0.0011974573135375977
8.665956556797028e-07
0.0030039548873901367
0.00036346912384033203
0.00011864304542541504
0.003441452980041504
0.000606834888458252
0.0009353160858154297
0.0014165043830871582
0.003489971160888672
0.0015596747398376465
0.0004492253065109253
0.00021642446517944336
0.0016815662384033203
0.0032335519790649414
0.0017897486686706543
3.5706034395843744e-07
2.531055361032486e-05
0.0037914514541625977
0.0030039548873901367
0.0049591064453125
0.002691507339477539
0.004473447799682617
0.010186195373535156
0.00018458813428878784
0.0012001991271972656
1.982320100069046e-05
0.030162811279296875
0.0013750195503234863
0.00023651123046875
0.0027583837509155273
0.030162811279296875
1.620719558559358e-07
8.241832256317139e-05
0.030162811279296875
0.0004715919494628906
1.9494444131851196e-05
0.0022432804107666016
1.1193333193659782e-06
0.01240396499633789
0.00012022256851196289
0.002890944480895996
0.0049591064453125
0.007105350494384766
0.003489971160888672
0.0037914514541625977
0.0006275177001953125
0.0050771236419677734
0.0030039548873901367
0.0007954239845275879
0.0006491243839263916
0.00013034790754318237
0.0006582140922546387
1.8747523427009583e-05
0.010186195373535156
5.647912621498108e-05
0.0001458302140235901
0.002960801124572754
0.0005034506320953369
0.012709617614746094
0.00015717744827270508
0.0017518997192382812
0.0022432804107666016
0.030162811279296875
0.0049591064453125
0.0054035186767578125
8.41282308101654e-05
0.00010878965258598328
9.706616401672363e-05
0.012258529663085938
0.0054035186767578125
0.013928413391113281
0.0005533993244171143
0.01240396499633789
0.010186195373535156
0.002890944480895996
0.01240396499633789
0.0011507868766784668
0.0022101402282714844
0.007717609405517578
0.0024148225784301758
0.0049591064453125
0.004473447799682617
0.012258529663085938
0.003489971160888672
0.001751542091369629
0.0009976625442504883
0.0049591064453125
0.013928413391113281
0.0017518997192382812
0.0004609823226928711
0.0049591064453125
0.0012539029121398926
0.0009575486183166504
0.012709617614746094
0.0005620121955871582
0.01240396499633789
0.012258529663085938
0.0016707181930541992
0.0054035186767578125
0.0020095109939575195
0.005903720855712891
0.0027583837509155273
0.0033195018768310547
0.0012539029121398926
0.0032808780670166016
0.0017518997192382812
0.007364511489868164
0.0008247196674346924
0.0001256316900253296
0.0032335519790649414
0.012258529663085938
0.0016707181930541992
0.0031585693359375
0.0017518997192382812
3.2257521525025368e-06
7.922761142253876e-06
0.0010790824890136719
0.0006203055381774902
0.0016748905181884766
0.001885831356048584
0.00038771331310272217
0.0008247196674346924
0.007364511489868164
0.012258529663085938
0.003489971160888672
1.8699094653129578e-05
0.00019094347953796387
0.011291980743408203
0.013928413391113281
0.0019872188568115234
0.00010105594992637634
0.013928413391113281
0.002993345260620117
0.012258529663085938
0.002691507339477539
0.0011355876922607422
0.010186195373535156
0.0011507868766784668
0.001971006393432617
0.0002927333116531372
0.0014391541481018066
0.0032335519790649414
0.012258529663085938
0.0009056329727172852
0.0013496875762939453
0.0019342899322509766
0.0010336637496948242
0.012258529663085938
0.00010346248745918274
0.030162811279296875
0.001390695571899414
8.074939250946045e-05
0.0021077394485473633
0.003489971160888672
0.002993345260620117
0.0020095109939575195
0.0017897486686706543
0.00032392144203186035
0.003489971160888672
0.012258529663085938
0.0008135139942169189
0.030162811279296875
4.2632222175598145e-05
0.0011723041534423828
0.0050771236419677734
0.007717609405517578
0.0014421343803405762
0.0017897486686706543
0.010186195373535156
0.0032335519790649414
0.003489971160888672
0.030162811279296875
0.030162811279296875
5.997903645038605e-05
0.030162811279296875
0.0016815662384033203
0.00011468678712844849
0.013928413391113281
0.0015105605125427246
0.0010336637496948242
0.013928413391113281
0.000225067138671875
0.007105350494384766
0.012258529663085938
0.012258529663085938
0.0007202625274658203
0.00122910737991333
0.003489971160888672
0.00581669807434082
0.013928413391113281
0.01240396499633789
0.012258529663085938
0.000490337610244751
0.0001458302140235901
0.010009765625
0.0002964138984680176
5.647912621498108e-05
0.002993345260620117
0.007717609405517578
0.0016707181930541992
0.0033195018768310547
0.012258529663085938
0.01240396499633789
0.0049591064453125
0.0017554759979248047
0.0071887969970703125
0.0058023929595947266
0.013928413391113281
0.0016460418701171875
0.012258529663085938
0.0016460418701171875
0.0021077394485473633
0.007364511489868164
3.508478403091431e-05
0.001367032527923584
0.0016744136810302734
0.002890944480895996
0.030162811279296875
0.0008755624294281006
0.030162811279296875
0.001751542091369629
0.003032088279724121
0.0019342899322509766
0.00010525062680244446
0.0017897486686706543
0.010186195373535156
