0.000660319346934557
3.864942118525505e-05
5.691917613148689e-05
0.0037787319160997868
0.0006950059905648232
0.00021938234567642212
0.0005403035320341587
0.0003714938648045063
1.2030359357595444e-05
0.01918551279231906
9.391922503709793e-06
0.0008201994933187962
0.0055009750649333
5.122274160385132e-07
0.0007826024666428566
0.01840311475098133
0.0007258886471390724
0.0004400745965540409
5.6424643844366074e-05
0.00012665428221225739
0.0020965649746358395
0.002751978114247322
0.01918551279231906
0.0007582399994134903
0.03456551022827625
0.03456551022827625
1.3353303074836731e-05
0.0017168624326586723
0.0055009750649333
0.01840311475098133
7.279962301254272e-05
0.0010944581590592861
0.0004921001382172108
4.584901034832001e-05
1.747533679008484e-05
1.0011717677116394e-07
0.022036395967006683
0.03456551022827625
0.0004418804310262203
0.0055009750649333
0.0021670605055987835
0.00014659343287348747
3.845430910587311e-06
0.007928375620394945
0.00012967409566044807
0.00012665428221225739
3.02167609333992e-06
4.7171488404273987e-07
1.4600344002246857e-05
0.0001231706701219082
1.1423137038946152e-05
0.002277188003063202
0.0010262676514685154
2.5294721126556396e-06
0.0055009750649333
1.943623647093773e-05
5.5571552366018295e-05
0.0003714938648045063
0.0012542842887341976
0.0001604584977030754
0.002277188003063202
1.3995449990034103e-05
1.4136545360088348e-05
0.005809396505355835
0.026034008245915174
0.00173631077632308
0.0032744971103966236
0.010896599851548672
0.022036395967006683
0.0016236361116170883
5.6424643844366074e-05
3.894791007041931e-06
5.960464477539062e-07
8.782371878623962e-07
0.00018522841855883598
0.01918551279231906
4.3448060750961304e-05
0.0011646910570561886
0.00010032719001173973
2.713967114686966e-05
0.0005024890415370464
0.01840311475098133
0.0003437502309679985
0.01918551279231906
0.00043321307748556137
8.05058516561985e-05
0.01918551279231906
0.0007258886471390724
0.0002624331973493099
2.3599714040756226e-05
0.002454395405948162
0.026034008245915174
0.01840311475098133
0.0004418804310262203
0.00011518970131874084
0.010896599851548672
1.0570511221885681e-07
0.0003102915361523628
0.0055009750649333
9.313691407442093e-06
0.01918551279231906
0.0002339305356144905
0.0002339305356144905
3.995373845100403e-07
0.00013833027333021164
0.00012665428221225739
0.0032835109159350395
0.0014869836159050465
0.01840311475098133
0.0005374792963266373
4.7171488404273987e-07
4.3448060750961304e-05
0.01918551279231906
6.359070539474487e-06
0.0021289633587002754
0.00012665428221225739
0.022036395967006683
0.00015017157420516014
0.0055009750649333
0.0010262676514685154
0.00025871535763144493
0.0005403035320341587
0.00012665428221225739
0.026034008245915174
0.002909743692725897
0.0020965649746358395
0
0.01918551279231906
0.01918551279231906
0.0015699733048677444
0.0003668791614472866
0.01840311475098133
0.0016387570649385452
0.000638248398900032
1.8673017621040344e-07
0
0.0005374792963266373
0.0007258886471390724
0.0027421372942626476
0.005384157411754131
0.00037830136716365814
6.15045428276062e-06
0.0004400745965540409
1.747533679008484e-05
0.0001810719259083271
0.00025871535763144493
0.01840311475098133
0.0055009750649333
2.5565270334482193e-05
0.0007258886471390724
0.022036395967006683
4.7171488404273987e-07
0.00021938234567642212
0.0021097944118082523
0.002792682498693466
0.0006950059905648232
5.968380719423294e-06
0.002720792777836323
0.0017056805081665516
8.930452167987823e-06
0.022036395967006683
3.5297125577926636e-06
0.000378170982003212
0.0055009750649333
0.002454395405948162
0.00014698738232254982
0.0007562683895230293
0.03456551022827625
8.874107152223587e-06
0.002454395405948162
0.00012665428221225739
0.00023522786796092987
0.0002452405169606209
8.350703865289688e-06
0.026034008245915174
0.002792682498693466
0.0055009750649333
0.0055009750649333
0.0007401751354336739
3.956258296966553e-06
0.00045991502702236176
8.05058516561985e-05
0.00033955369144678116
0.01840311475098133
0.00014698738232254982
0.0055009750649333
0.0004633832722902298
0.0002624331973493099
1.0272487998008728e-05
1.9934959709644318e-05
0.0010213889181613922
1.3106502592563629e-05
0.0020965649746358395
0.0006289691664278507
0.0038503590039908886
6.009824573993683e-05
0.00040540751069784164
0.008892821613699198
3.2689422369003296e-07
0.0007258886471390724
0.008892821613699198
0.0005403035320341587
0.0015699733048677444
0.026034008245915174
0.0007258886471390724
0.01840311475098133
0.03456551022827625
2.062413841485977e-06
0.00014541903510689735
1.7150305211544037e-06
0.0004418804310262203
4.080124199390411e-06
0.001390534918755293
0.0027421372942626476
3.621075302362442e-05
0.0007258886471390724
0.0005403035320341587
0.0007258886471390724
5.122274160385132e-09
0.0055009750649333
0.0055009750649333
0.0055009750649333
1.7830170691013336e-06
4.080124199390411e-06
5.717528983950615e-05
0.026034008245915174
1.2731179594993591e-06
0.0055009750649333
0.0032835109159350395
0.026034008245915174
0.00014659343287348747
3.091525286436081e-06
0.01840311475098133
1.0508578270673752e-05
4.413491114974022e-05
0.0020965649746358395
4.7171488404273987e-07
0.01918551279231906
0.0010092835873365402
0.0027421372942626476
0.00014698738232254982
0.022036395967006683
0.001646240707486868
0.0004400745965540409
0.0008967556059360504
0.00033247610554099083
0.0004400745965540409
0.0015699733048677444
5.6424643844366074e-05
1.4370307326316833e-06
0.0003714938648045063
0.026034008245915174
0.00010764226317405701
0.0019093300215899944
1.8833205103874207e-05
2.0721927285194397e-06
0.0014869836159050465
0.0026247543282806873
0.0002624331973493099
0.00012444285675883293
0.03456551022827625
0.01840311475098133
0.008892821613699198
3.864942118525505e-05
4.4223852455616e-06
0.000660319346934557
0.0033112941309809685
0.0007258886471390724
0.00012665428221225739
3.02167609333992e-06
0.0055009750649333
0.00173631077632308
1.2390315532684326e-05
0.0025689657777547836
0.00013833027333021164
0.0014869836159050465
0.0055009750649333
0.0021670605055987835
7.133930921554565e-07
0.00022496841847896576
0.0055009750649333
0.00019489461556077003
0.000660319346934557
0.0007258886471390724
0.01918551279231906
4.3448060750961304e-05
0.0001119803637266159
0.00014916155487298965
7.492490112781525e-07
0.0016236361116170883
1.297052949666977e-05
0.0001456988975405693
0.00012665428221225739
9.778887033462524e-09
0.0006194394081830978
0.0004400745965540409
0.00029253028333187103
6.314506754279137e-05
2.7939677238464355e-09
1.864507794380188e-06
0.002751978114247322
4.6566128730773926e-09
0.00011703139171004295
0.010896599851548672
0.000614458229392767
0.0007258886471390724
0.0002624331973493099
0.00011518970131874084
0.00012665428221225739
0.0004418804310262203
0.008892821613699198
0.007928375620394945
2.44705006480217e-06
0.010896599851548672
0.022036395967006683
0.0007258886471390724
0.002909743692725897
1.297052949666977e-05
0.010896599851548672
0.0037787319160997868
0
0.008892821613699198
0.00014659343287348747
0.0012365416623651981
0.00025871535763144493
2.761371433734894e-07
1.8673017621040344e-07
0.03456551022827625
0.0027421372942626476
7.279962301254272e-05
0.0006950059905648232
0.0055009750649333
0.00010961201041936874
0.005384157411754131
0.0001463480293750763
1.41095370054245e-07
3.15704382956028e-05
0.0055009750649333
2.44705006480217e-06
0.00014659343287348747
0.00019489461556077003
0.0034042890183627605
0.00021820515394210815
0.01918551279231906
0.010896599851548672
0.022036395967006683
1.2178905308246613e-05
0.0020965649746358395
0.010896599851548672
0.03456551022827625
0
7.279962301254272e-05
0.0055009750649333
5.6424643844366074e-05
0.0004400745965540409
0.001390534918755293
0.010896599851548672
0.022036395967006683
9.55536961555481e-07
5.966983735561371e-06
2.056499943137169e-05
0.03456551022827625
0.01918551279231906
9.55536961555481e-07
0.0027421372942626476
0.0007258886471390724
3.5581644624471664e-05
0.0016236361116170883
0.022036395967006683
2.4488195776939392e-05
4.10652719438076e-05
9.313691407442093e-06
0.0034202481620013714
0.0014869836159050465
0.03456551022827625
0.01918551279231906
7.968395948410034e-06
0.0020965649746358395
5.675479769706726e-06
0.026034008245915174
0.0007258886471390724
0.026034008245915174
0.00014541903510689735
0.0010262676514685154
0.0015699733048677444
0.0006194394081830978
1.7150305211544037e-06
0.0055009750649333
0.0003668791614472866
8.930452167987823e-06
0.00012665428221225739
0.0004418804310262203
5.448237061500549e-08
0.0055009750649333
0.00047652609646320343
5.6424643844366074e-05
0.0020965649746358395
0.0055009750649333
3.4458935260772705e-07
1.7667189240455627e-06
2.6531517505645752e-05
0.00012665428221225739
0.008892821613699198
0.01918551279231906
0.0016798898577690125
0.00012665428221225739
0.00012665428221225739
5.514686927199364e-05
1.0530930012464523e-05
0.0006223712116479874
0.005944349803030491
0
4.3448060750961304e-05
0.022036395967006683
0.026034008245915174
9.390991181135178e-05
1.4370307326316833e-06
0.022036395967006683
0.00015787919983267784
6.557116284966469e-05
6.59748911857605e-06
0.0032835109159350395
5.2755698561668396e-05
1.0583549737930298e-05
0.0020965649746358395
0.01840311475098133
0.0004921001382172108
0.00012376438826322556
0.03456551022827625
0.010896599851548672
0.026034008245915174
0.0021816720254719257
0.002909743692725897
7.014721632003784e-06
0.0007258886471390724
0.00012217555195093155
1.7136335372924805e-07
9.313691407442093e-06
9.391922503709793e-06
2.21841037273407e-06
9.213574230670929e-06
6.845220923423767e-08
0.0026247543282806873
0.0021670605055987835
5.373265594244003e-06
0.0055009750649333
0.0055009750649333
0.0018232287839055061
5.471520125865936e-07
0.00011151004582643509
1.8540769815444946e-05
0.001325064804404974
9.286077693104744e-05
0.0025689657777547836
0.00011336477473378181
1.7741695046424866e-07
1.2547243386507034e-05
0.00043195951730012894
0.000660319346934557
0.0055009750649333
0.005944349803030491
0.002277188003063202
0.0009050923399627209
0.0015699733048677444
0.001325064804404974
0.00013833027333021164
9.509967640042305e-05
2.153683453798294e-06
4.584901034832001e-05
6.017414852976799e-05
0.0020965649746358395
1.4263670891523361e-05
0.001533405389636755
2.5350600481033325e-06
0.03456551022827625
1.825392246246338e-07
0.022036395967006683
0.01840311475098133
0.0027421372942626476
0.0001231706701219082
3.841239959001541e-05
0.022036395967006683
3.123423084616661e-05
0.01840311475098133
5.569774657487869e-06
0.0024555157870054245
0.0006122933700680733
0.0006950059905648232
0.00014659343287348747
0.0007374752312898636
0.01840311475098133
0.0055009750649333
1.2547243386507034e-05
6.762798875570297e-06
0.002277188003063202
0.00012444285675883293
0.01840311475098133
0.0001456988975405693
0.001390534918755293
0.0049460153095424175
0.002907401416450739
0.026034008245915174
0.0033112941309809685
0.010896599851548672
0.010896599851548672
0
3.5581644624471664e-05
0.0020965649746358395
8.522253483533859e-05
4.1913241147994995e-05
4.3448060750961304e-05
1.8540769815444946e-05
0.0002452405169606209
4.1569583117961884e-05
0.000660319346934557
0.0020965649746358395
4.080124199390411e-06
0.0002716667950153351
0.00039856554940342903
0.0055009750649333
7.762573659420013e-07
0.0032835109159350395
4.7171488404273987e-07
0.0021200538612902164
7.916241884231567e-09
0.0015699733048677444
0.0004418804310262203
0.0004921001382172108
0.022036395967006683
0.000638248398900032
0
1.962762326002121e-06
0.0002339305356144905
0.0034202481620013714
1.4946796000003815e-05
3.621075302362442e-05
0.0007258886471390724
0.0001577865332365036
0.0006950059905648232
8.684583008289337e-07
0.0075853243470191956
7.747672498226166e-06
3.5581644624471664e-05
0.005809396505355835
7.279962301254272e-05
7.180497050285339e-07
0.013929905835539103
0.00012444285675883293
0.00039856554940342903
0.0005656229332089424
0.01840311475098133
0.0055009750649333
0.005077734589576721
0.001325064804404974
0.0005374792963266373
0.0055009750649333
0.0016387570649385452
9.178183972835541e-07
0.022036395967006683
2.5801360607147217e-05
0.01840311475098133
0.0010944581590592861
9.202864021062851e-06
0.00040963198989629745
0.0007258886471390724
2.7939677238464355e-08
0.0002339305356144905
0.01918551279231906
2.4260953068733215e-07
1.973705366253853e-05
6.51925802230835e-08
0.022036395967006683
0.000638248398900032
2.407468855381012e-07
1.747533679008484e-05
0.0007258886471390724
1.7229467630386353e-08
2.0042527467012405e-05
2.7567148208618164e-07
8.108559995889664e-05
6.577000021934509e-06
4.584901034832001e-05
0.0002339305356144905
0.0007966584526002407
4.413491114974022e-05
0.0003714938648045063
0.0005403035320341587
4.9229711294174194e-06
0.0055009750649333
0.01918551279231906
0.0016387570649385452
0.0055009750649333
0.000638248398900032
1.4689285308122635e-05
9.213574230670929e-06
4.7171488404273987e-07
0.010896599851548672
0.0007401751354336739
0.0033112941309809685
0.0021670605055987835
3.725290298461914e-09
0.0020965649746358395
5.6424643844366074e-05
0.0002624331973493099
2.009747549891472e-05
4.7171488404273987e-07
1.8863938748836517e-06
0.0055009750649333
0.002454395405948162
0.006018341984599829
0.00020794104784727097
0.01840311475098133
0.0002339305356144905
0.0002339305356144905
3.427267074584961e-06
4.584901034832001e-05
1.0709743946790695e-05
0.01840311475098133
0.002909743692725897
0.0004921001382172108
1.3131648302078247e-07
0.002454395405948162
0.0027421372942626476
0.00012665428221225739
3.864942118525505e-05
0.009759327862411737
0.01840311475098133
0.002751978114247322
0.0006289691664278507
0.0075853243470191956
4.080124199390411e-06
4.3448060750961304e-05
0.0020965649746358395
0.010896599851548672
5.6424643844366074e-05
0.0027421372942626476
0.00012665428221225739
0.0075853243470191956
2.2193416953086853e-06
0.008892821613699198
0.0006950059905648232
0.00012665428221225739
0.0024931924417614937
0.001325064804404974
6.15045428276062e-06
0.022036395967006683
0.00019295187667012215
0.00025980034843087196
0.0055009750649333
0.0001285448670387268
0.0004418804310262203
3.966502845287323e-05
5.4813455790281296e-05
0.00012665428221225739
0.01918551279231906
0.00012665428221225739
0.00012665428221225739
5.168840289115906e-08
0.0001231706701219082
0.022036395967006683
0.0055009750649333
0.0005374792963266373
0.00173631077632308
1.2547243386507034e-05
0.010896599851548672
0.0010325117036700249
0.0021816720254719257
0.0007258886471390724
3.1474512070417404e-05
3.5581644624471664e-05
4.3448060750961304e-05
0.0004460555501282215
0.01918551279231906
0.022036395967006683
3.5581644624471664e-05
2.009747549891472e-05
3.3007003366947174e-05
0.005607273895293474
5.906447768211365e-06
0.006018341984599829
0.000660319346934557
0.0001040440984070301
0.0027421372942626476
0.0018232287839055061
0.0006950059905648232
0.0005024890415370464
0.0032835109159350395
0.008892821613699198
0.0004418804310262203
1.5658792108297348e-05
0.0020965649746358395
0.01840311475098133
0.01918551279231906
8.965376764535904e-06
0.0005403035320341587
0.0055009750649333
0.00012665428221225739
0.00025871535763144493
8.05058516561985e-05
6.59748911857605e-06
0.0003102915361523628
0.0007582399994134903
0.0012949546799063683
0.00012665428221225739
5.030212923884392e-05
0.0007562683895230293
0.0032835109159350395
0.0004418804310262203
0.01840311475098133
0.001390534918755293
3.5896431654691696e-05
0.0010325117036700249
0.0015699733048677444
0.0004400745965540409
0.01918551279231906
7.105991244316101e-07
5.569169297814369e-05
0.0055009750649333
0.026034008245915174
0.026034008245915174
0.0003910972736775875
7.279962301254272e-05
0.00012665428221225739
0.0004921001382172108
0.00012665428221225739
8.451053872704506e-05
0.00011789286509156227
7.968395948410034e-06
0.008892821613699198
0.00014659343287348747
4.413491114974022e-05
0.0075853243470191956
0.0055009750649333
0.001325064804404974
0.0012851627543568611
0.000638248398900032
0.0008967556059360504
0.0004400745965540409
0.00012665428221225739
0.0075853243470191956
0.0020965649746358395
0.0016798898577690125
0.0015699733048677444
0.004250957164913416
3.259629011154175e-09
6.59748911857605e-06
2.0042527467012405e-05
0.00013833027333021164
0.002454395405948162
1.0909046977758408e-05
0.01918551279231906
7.014721632003784e-06
5.373265594244003e-06
0.0006950059905648232
0.0004236111417412758
0.0007258886471390724
3.293156623840332e-06
0.0027759489603340626
4.3721869587898254e-05
0.03456551022827625
3.213062882423401e-08
4.7171488404273987e-07
0.01840311475098133
0.00011518970131874084
0.01840311475098133
0.0003714938648045063
1.8104910850524902e-05
1.9189901649951935e-06
5.010515451431274e-07
0.00010032719001173973
0.0016236361116170883
0.01840311475098133
0.0055009750649333
0.0007562683895230293
0.00027722958475351334
0.0004921001382172108
5.34900464117527e-05
0.0025689657777547836
1.8833205103874207e-05
5.373265594244003e-06
9.313691407442093e-06
0.0012365416623651981
3.864942118525505e-05
0.001325064804404974
4.3448060750961304e-05
0.0001258784905076027
1.2316741049289703e-06
9.77562740445137e-06
3.864942118525505e-05
0.0020965649746358395
0.000284307636320591
0.00010032719001173973
0.01918551279231906
0.0010213889181613922
7.279962301254272e-05
0.0007258886471390724
0.00012665428221225739
0.01840311475098133
0.03456551022827625
0.010202163364738226
0.0055009750649333
0.00012665428221225739
0.0001258784905076027
0.00011518970131874084
0.0055009750649333
0.00012665428221225739
0.01918551279231906
0.0007562683895230293
0.00019489461556077003
0.00011571310460567474
1.5371479094028473e-06
0.00012403959408402443
0.0034202481620013714
3.7064310163259506e-05
0.0005024890415370464
7.279962301254272e-05
0.002277188003063202
0.00033247610554099083
0.00020794104784727097
0.001325064804404974
0.00014659343287348747
0.0055009750649333
2.620276063680649e-06
5.691917613148689e-05
7.5981952250003815e-06
0.00014039361849427223
8.521601557731628e-08
0.00013833027333021164
0.005607273895293474
4.584901034832001e-05
0.01918551279231906
9.986571967601776e-06
0.0016387570649385452
0.0004418804310262203
0.00011789286509156227
3.3294782042503357e-07
0.00012444285675883293
9.509967640042305e-05
0.005809396505355835
0.0015699733048677444
0.001056827139109373
9.313691407442093e-06
3.619492053985596e-05
0.0001577865332365036
0.026034008245915174
1.0849907994270325e-07
0.008892821613699198
5.373265594244003e-06
0.00012665428221225739
2.0042527467012405e-05
9.391922503709793e-06
0.00010533304885029793
4.3448060750961304e-05
5.6265853345394135e-06
8.05058516561985e-05
0.022036395967006683
0.0004921001382172108
0.00012665428221225739
0.0055009750649333
0.0006289691664278507
0.0032744971103966236
0.022036395967006683
0.01918551279231906
0.0055009750649333
0.001390534918755293
0.0014496874064207077
8.05058516561985e-05
0.0004418804310262203
5.373265594244003e-06
0.026034008245915174
3.952067345380783e-06
0.0027421372942626476
2.1066516637802124e-06
0.03456551022827625
0.00039856554940342903
0.008892821613699198
0.0001231706701219082
0.026034008245915174
2.713967114686966e-05
4.584901034832001e-05
0.0016236361116170883
0.0007562683895230293
0.0007826024666428566
1.747533679008484e-05
0.00040963198989629745
0.0007258886471390724
0.01918551279231906
3.0188821256160736e-06
0.00012444285675883293
1.162756234407425e-06
8.00848938524723e-05
1.297052949666977e-05
0.0016387570649385452
0.0055009750649333
9.294599294662476e-07
6.904406473040581e-05
0.005077734589576721
0.0004921001382172108
4.584901034832001e-05
0.00013833027333021164
0.0007258886471390724
0.0055009750649333
0.0010437481105327606
1.0530930012464523e-05
0.022036395967006683
6.827991455793381e-05
4.080124199390411e-06
0.0017056805081665516
0.00011789286509156227
0.00019022775813937187
6.845733150839806e-05
0.0007258886471390724
0.022036395967006683
4.080124199390411e-06
0.0055009750649333
0.00012665428221225739
0.001325064804404974
2.38930806517601e-06
9.986571967601776e-06
1.0673888027668e-05
0.0024931924417614937
4.584901034832001e-05
6.180722266435623e-06
0.0005761901848018169
0.010896599851548672
1.7830170691013336e-06
0.00033955369144678116
0.00012444285675883293
0.0010262676514685154
0.007928375620394945
0
0.00025871535763144493
2.138037234544754e-05
4.1569583117961884e-05
8.930452167987823e-06
0.0024931924417614937
0.00012665428221225739
0.00012665428221225739
8.350703865289688e-06
0.008892821613699198
0.01918551279231906
0.01918551279231906
0.0002339305356144905
5.373265594244003e-06
7.279962301254272e-05
9.169941768050194e-05
0.00039856554940342903
0.0001041698269546032
8.930452167987823e-06
0.00045991502702236176
0.0015699733048677444
0.0027421372942626476
0.00013833027333021164
0.0008277595043182373
0.0016236361116170883
3.5581644624471664e-05
0.002720792777836323
0.0010437481105327606
0.0007582399994134903
0.0002791718579828739
0.026034008245915174
0.009759327862411737
0.0006842142902314663
0.0007826024666428566
0.00011789286509156227
0.007928375620394945
0.01918551279231906
0.00012444285675883293
3.003515303134918e-07
0.0004921001382172108
0.000660319346934557
0.0015699733048677444
0.001646240707486868
4.080124199390411e-06
4.423782229423523e-07
0.01840311475098133
2.0042527467012405e-05
0.010896599851548672
1.8540769815444946e-05
0.00039856554940342903
0.00033247610554099083
9.986571967601776e-06
0.0010213889181613922
0.0016798898577690125
4.3448060750961304e-05
0.0003932155668735504
0.01840311475098133
0.0014869836159050465
5.820766091346741e-08
1.296401023864746e-06
5.717528983950615e-05
3.5581644624471664e-05
0.01918551279231906
0.0015699733048677444
0.00012665428221225739
0.000378170982003212
0.00012665428221225739
0.0015070568770170212
0.0055009750649333
0.01840311475098133
7.079914212226868e-06
0.008892821613699198
2.643093466758728e-06
2.712942659854889e-06
0.00023318827152252197
0.0027421372942626476
0.0055009750649333
0.00014659343287348747
4.584901034832001e-05
0.0007562683895230293
0.0005403035320341587
4.584901034832001e-05
0.002909743692725897
5.569169297814369e-05
0.00021820515394210815
0.026034008245915174
6.15045428276062e-06
0.0055009750649333
5.6424643844366074e-05
7.747672498226166e-06
5.6424643844366074e-05
4.656612873077393e-10
7.014721632003784e-06
0.0004400745965540409
0.01840311475098133
0.00014287512749433517
0.03456551022827625
0.0004418804310262203
0.0020965649746358395
0.0016798898577690125
0.00039856554940342903
7.487088441848755e-05
0.000660319346934557
4.080124199390411e-06
7.279962301254272e-05
5.1711685955524445e-06
0.0005000941455364227
0.0007258886471390724
0.01840311475098133
0.0002624331973493099
4.7031790018081665e-08
0.00012665428221225739
0.01840311475098133
0.0027421372942626476
9.77562740445137e-06
0.0010325117036700249
1.0291114449501038e-07
0.0033112941309809685
1.385807991027832e-06
0.0021670605055987835
0.0033112941309809685
0.022036395967006683
0.0010262676514685154
0.0001231706701219082
9.313225746154785e-10
7.279962301254272e-05
0.0034202481620013714
2.4400651454925537e-07
0.0032909526489675045
3.105355426669121e-05
0.010896599851548672
2.8551556169986725e-05
0.00012665428221225739
2.6263296604156494e-07
0.022036395967006683
0.00019686156883835793
4.0918588638305664e-05
0.008892821613699198
0.0075853243470191956
0.0014869836159050465
0.01840311475098133
8.87550413608551e-07
0.0006950059905648232
0.00023318827152252197
0.0003932155668735504
0.0002452405169606209
0.001498714555054903
3.0281953513622284e-06
0.01918551279231906
0.0011736038140952587
0.0002624331973493099
0.0002452405169606209
0.022036395967006683
0.0055009750649333
0.01918551279231906
0.00014659343287348747
0.01840311475098133
4.584901034832001e-05
0.0015699733048677444
0.01840311475098133
0.00012665428221225739
0.0005391365848481655
0.026034008245915174
0.0020965649746358395
8.279457688331604e-06
0.0002624331973493099
0.00012444285675883293
0.0007562683895230293
0.0010944581590592861
0.01918551279231906
0.0006816820241510868
0.0055009750649333
1.1129304766654968e-07
0.0055009750649333
1.1920928955078125e-06
4.584901034832001e-05
8.796341717243195e-07
5.5538956075906754e-05
0.0003316807560622692
7.375609129667282e-06
0.00039856554940342903
0.0003627566620707512
0.010896599851548672
5.880370736122131e-06
0.00012665428221225739
0.005384157411754131
0.00037830136716365814
0.004244007170200348
2.4293549358844757e-06
0.002907401416450739
0.0032835109159350395
2.514570951461792e-08
0.001188929658383131
0.001390534918755293
3.7851277738809586e-05
6.22081570327282e-05
0.01918551279231906
3.20998951792717e-05
0.0055009750649333
1.747533679008484e-05
3.3392570912837982e-06
0.0007401751354336739
0.010896599851548672
3.5581644624471664e-05
0.00012665428221225739
0.0006122933700680733
0.0001456988975405693
0.005944349803030491
0.01840311475098133
0.0001718304120004177
0.01840311475098133
0.01840311475098133
0.0020965649746358395
0.00012665428221225739
0.00012665428221225739
0.005809396505355835
0.00021093105897307396
0.022036395967006683
0.0055009750649333
0.010896599851548672
4.413491114974022e-05
3.4226104617118835e-07
0.0006950059905648232
0.0010262676514685154
1.4263670891523361e-05
0.0002624331973493099
0.0020965649746358395
0.0003554224967956543
1.8833205103874207e-05
6.22081570327282e-05
0.0003105294890701771
0.0007562683895230293
0.0007258886471390724
1.564621925354004e-07
1.7830170691013336e-06
2.713967114686966e-05
0.00033955369144678116
0.00033955369144678116
0.01918551279231906
0.0004921001382172108
0.00012665428221225739
0.00013833027333021164
5.6265853345394135e-06
7.279962301254272e-05
0.002277188003063202
0.01918551279231906
1.8673017621040344e-07
0.0055009750649333
0.00013833027333021164
0.005077734589576721
0.0007562683895230293
0.0075853243470191956
2.0042527467012405e-05
8.542090654373169e-06
1.747533679008484e-05
0.0005024890415370464
0.0004921001382172108
0.0004418804310262203
0.00173631077632308
1.6298145055770874e-08
0.00014698738232254982
3.912486135959625e-06
0.01918551279231906
0.010896599851548672
0.03456551022827625
0.000660319346934557
0.005077734589576721
2.7597881853580475e-05
0.008892821613699198
0.010896599851548672
0.008892821613699198
1.8225982785224915e-06
0.01918551279231906
6.557116284966469e-05
2.3283064365386963e-06
1.0530930012464523e-05
0.000638248398900032
0.0021816720254719257
0.0055009750649333
0.01840311475098133
0.0037787319160997868
0.00012665428221225739
0.01918551279231906
0.010896599851548672
7.279962301254272e-05
0.0002791718579828739
0
1.9094906747341156e-05
0.0004633832722902298
7.383571937680244e-05
0.0027421372942626476
0.010896599851548672
0.010896599851548672
0.010896599851548672
0.0004921001382172108
0.01840311475098133
0.000660319346934557
0.0018232287839055061
7.279962301254272e-05
5.6424643844366074e-05
3.864942118525505e-05
0.00012665428221225739
9.168870747089386e-07
0.00012665428221225739
0.026034008245915174
0.0055009750649333
0.0002624331973493099
1.0530930012464523e-05
0.006018341984599829
1.8540769815444946e-05
0.022036395967006683
1.7415732145309448e-07
0.0005024890415370464
5.300156772136688e-06
0.026034008245915174
0.010896599851548672
0.0001231706701219082
0.00012665428221225739
0.000660319346934557
0.00027546612545847893
0.026034008245915174
5.6424643844366074e-05
0.0002624331973493099
0.00014659343287348747
0.00012665428221225739
0.00013833027333021164
0.010896599851548672
0.01918551279231906
0.0055009750649333
1.3969838619232178e-08
0.005384157411754131
0.01840311475098133
0.00033955369144678116
1.3075768947601318e-06
2.546701580286026e-06
7.606577128171921e-06
0.0005403035320341587
0.00027546612545847893
0.0027759489603340626
1.8719583749771118e-06
0.001056827139109373
0.0007258886471390724
8.522253483533859e-05
0.00014659343287348747
0.001104998867958784
0.00012665428221225739
0.0055009750649333
1.2700911611318588e-05
0.01840311475098133
1.2945383787155151e-07
0.0007258886471390724
0.0055009750649333
0.0020965649746358395
0.01840311475098133
5.717528983950615e-05
0.005384157411754131
4.7171488404273987e-07
8.05058516561985e-05
1.2945383787155151e-07
0.0055009750649333
0.0055009750649333
0.0003932155668735504
9.96515154838562e-08
5.373265594244003e-06
4.080124199390411e-06
0.0004400745965540409
0.01918551279231906
0.01918551279231906
0.01918551279231906
0.00012665428221225739
9.55536961555481e-07
4.584901034832001e-05
3.864942118525505e-05
0.0007258886471390724
0.026034008245915174
0.008892821613699198
7.279962301254272e-05
0.013929905835539103
0.0012542842887341976
0.0007562683895230293
1.8833205103874207e-05
0.0055009750649333
4.3448060750961304e-05
1.0272487998008728e-05
0.00033955369144678116
0.0021816720254719257
0.0055009750649333
3.621075302362442e-05
0.010896599851548672
1.477077603340149e-06
0.0001119803637266159
6.762798875570297e-06
0.03456551022827625
7.279962301254272e-05
7.747672498226166e-06
0.0008277595043182373
8.89413058757782e-08
0.00012665428221225739
1.4697201550006866e-05
0.03456551022827625
1.30385160446167e-07
0.0027421372942626476
0.0041572097688913345
0.026034008245915174
0.0003316807560622692
0.0001604584977030754
0.00013788044452667236
0.005077734589576721
0.0007562683895230293
5.587935447692871e-09
4.1583552956581116e-07
0.005634794943034649
0.0055009750649333
3.3653341233730316e-05
9.96515154838562e-08
0.002909743692725897
2.628238871693611e-05
0.0009918245486915112
0.026034008245915174
0.0001604584977030754
7.492490112781525e-07
6.59748911857605e-06
0.0016236361116170883
0.008892821613699198
0.00033247610554099083
0.00012665428221225739
7.279962301254272e-05
0.00032915640622377396
6.845220923423767e-08
1.3760291039943695e-06
4.1073188185691833e-05
6.849411875009537e-06
5.373265594244003e-06
0.03456551022827625
0.01840311475098133
0.0055009750649333
0.0034042890183627605
0.01840311475098133
0.002720792777836323
0.0021670605055987835
0.0010213889181613922
0.005077734589576721
7.279962301254272e-05
4.3448060750961304e-05
5.745794624090195e-06
4.584901034832001e-05
4.413491114974022e-05
0.0027421372942626476
6.557116284966469e-05
9.155506268143654e-05
0.00033247610554099083
2.980232238769531e-07
0.0001604584977030754
0.00012665428221225739
0.0055009750649333
0.01918551279231906
0.0002339305356144905
0.00021060137078166008
8.228234946727753e-07
0.0015070568770170212
3.56379896402359e-05
0.00014659343287348747
0.0001604584977030754
1.0845717042684555e-05
0.002277188003063202
1.2706033885478973e-05
0.0004921001382172108
0.0015699733048677444
1.0058283805847168e-07
0.007928375620394945
0.026034008245915174
0.002277188003063202
0.00012665428221225739
0.0055009750649333
6.904406473040581e-05
0.0007826024666428566
0.0032835109159350395
0.008892821613699198
0.0010167867876589298
0.0055009750649333
2.3723114281892776e-05
2.44705006480217e-06
8.279457688331604e-06
0.0003859046846628189
0.01840311475098133
3.845430910587311e-06
0.0004921001382172108
0.0006950059905648232
3.9534643292427063e-07
0.00011719530448317528
0.00013833027333021164
0.0021670605055987835
0.0016387570649385452
9.721610695123672e-06
0.0033112941309809685
1.8998980522155762e-07
0.00032507628202438354
0.0004418804310262203
0.010896599851548672
0.0075853243470191956
0.01840311475098133
0.00010032719001173973
0.0012365416623651981
0.00015218928456306458
4.6566128730773926e-09
0.0027421372942626476
0.002751978114247322
4.3448060750961304e-05
3.5581644624471664e-05
0.008892821613699198
5.248468369245529e-06
0.0002624331973493099
0.00013833027333021164
0.0055009750649333
0.0005024890415370464
0.0037787319160997868
1.6889534890651703e-06
0.01840311475098133
0.01918551279231906
5.029141902923584e-08
0.0006289691664278507
5.397014319896698e-07
0.010896599851548672
0.00047652609646320343
0.0033112941309809685
0.0024931924417614937
0.01918551279231906
0.0036713462322950363
0.01918551279231906
3.864942118525505e-05
0.022036395967006683
0.00014287512749433517
6.2319450080394745e-06
0.00011789286509156227
0.0001231706701219082
7.203267887234688e-05
0.0007562683895230293
1.0845717042684555e-05
8.847564458847046e-08
0.026034008245915174
5.373265594244003e-06
0.0012542842887341976
0.00017227977514266968
0.022036395967006683
8.522253483533859e-05
1.0244548320770264e-08
0.0005403035320341587
0.0002624331973493099
0.0032835109159350395
1.1641532182693481e-08
0.0034202481620013714
0.01840311475098133
0.00012444285675883293
0.00013833027333021164
0.004244007170200348
1.7830170691013336e-06
6.59748911857605e-06
0.0007258886471390724
3.5581644624471664e-05
0.0032909526489675045
0.00012967409566044807
0.0032835109159350395
2.7194619178771973e-07
0.0015070568770170212
0.008892821613699198
0.0002075876109302044
0.00012213969603180885
0.01918551279231906
0.0034202481620013714
0.022036395967006683
7.188552990555763e-05
0.0055009750649333
0.0055009750649333
3.5581644624471664e-05
0.00033247610554099083
0.001056827139109373
1.8833205103874207e-05
3.9534643292427063e-07
8.279457688331604e-06
1.2030359357595444e-05
5.6424643844366074e-05
0.01918551279231906
0.026034008245915174
9.21543687582016e-07
0.00173631077632308
7.279962301254272e-05
1.316005364060402e-05
0.000378170982003212
0.0004400745965540409
0.00012665428221225739
0.0032909526489675045
0.0002339305356144905
0.0010437481105327606
1.8833205103874207e-05
0.0008967556059360504
0.0027759489603340626
0.0007562683895230293
0.010896599851548672
0.01840311475098133
0
1.5658792108297348e-05
0.00012665428221225739
0.0055009750649333
0.0005403035320341587
0.001325064804404974
0.005077734589576721
0.00012665428221225739
0.00043321307748556137
0.00039856554940342903
0.00013788044452667236
0.026034008245915174
0.0005403035320341587
0
0.001056827139109373
8.279457688331604e-06
1.0561197996139526e-06
3.3061951398849487e-06
0.000638248398900032
0.0004418804310262203
0.01840311475098133
0.01918551279231906
0.00014659343287348747
8.930452167987823e-06
0.0004921001382172108
0.002277188003063202
7.279962301254272e-05
0.00012665428221225739
0.00033247610554099083
0.0033112941309809685
0.026034008245915174
0.00021820515394210815
8.279457688331604e-06
4.080124199390411e-06
6.845220923423767e-08
0.026034008245915174
0.0041572097688913345
1.5259720385074615e-06
0.0010167867876589298
5.717528983950615e-05
0.01918551279231906
0.0001078345812857151
0.008892821613699198
5.717528983950615e-05
0.0055009750649333
0.005384157411754131
3.9534643292427063e-07
0.00012967409566044807
0.0005403035320341587
1.3760291039943695e-06
0.01918551279231906
7.747672498226166e-06
0.008892821613699198
3.4226104617118835e-07
0.026034008245915174
3.5390257835388184e-08
5.373265594244003e-06
0.0007562683895230293
0.01840311475098133
0.0016236361116170883
7.279962301254272e-05
0.008892821613699198
0.00173631077632308
0.00010342290624976158
0.0055009750649333
0.002277188003063202
0.002454395405948162
0.00012665428221225739
0.001325064804404974
0.0016798898577690125
0.0024931924417614937
0.00014659343287348747
0.0005403035320341587
0.0008558500558137894
0.0017056805081665516
0.01840311475098133
4.080124199390411e-06
1.973705366253853e-05
0.00015905499458312988
0.005077734589576721
0.008892821613699198
4.7171488404273987e-07
0.002277188003063202
0.03456551022827625
4.842877388000488e-08
0.0003001936711370945
0.00033955369144678116
2.496037632226944e-05
1.7830170691013336e-06
3.845430910587311e-06
0.0010262676514685154
0.00012665428221225739
0.026034008245915174
0.0006122933700680733
0.0027421372942626476
0.0007258886471390724
0.00017908122390508652
0.006018341984599829
0.01918551279231906
2.202112227678299e-06
0.0007258886471390724
0.008892821613699198
0.008892821613699198
0.0004400745965540409
0.0016387570649385452
0.0007258886471390724
0.01840311475098133
1.0399147868156433e-05
7.279962301254272e-05
0.022036395967006683
0.026034008245915174
4.080124199390411e-06
0.005809396505355835
0.0020965649746358395
0.01840311475098133
0.0004418804310262203
0.00012665428221225739
0.0003910972736775875
0.0027421372942626476
0.026034008245915174
0.0006122933700680733
0.013929905835539103
0.00013833027333021164
0.00028033601120114326
4.584901034832001e-05
4.584901034832001e-05
0.00039856554940342903
0
1.0272487998008728e-05
0.0005024890415370464
0.002277188003063202
9.286077693104744e-05
0.00019489461556077003
0.008892821613699198
0.0001604584977030754
0.01918551279231906
4.0978193283081055e-08
0.002277188003063202
4.7171488404273987e-07
4.129577428102493e-05
0.0055009750649333
1.741712912917137e-05
0.002909743692725897
0.001325064804404974
2.0917505025863647e-05
2.2908207029104233e-05
0.0003437502309679985
7.279962301254272e-05
0.022036395967006683
9.313225746154785e-10
0.008892821613699198
0.0055009750649333
0.0006950059905648232
0.002907401416450739
0.00012665428221225739
0.026034008245915174
0.001390534918755293
0.0016236361116170883
0.0006289691664278507
0.00012665428221225739
0.00010924506932497025
0.010896599851548672
0.0005656229332089424
0.00035512447357177734
0.0010325117036700249
0.0055009750649333
0.002792682498693466
5.373265594244003e-06
5.6424643844366074e-05
3.762543201446533e-07
0.01840311475098133
0.001498714555054903
0.0002339305356144905
0.0032835109159350395
3.434251993894577e-06
5.373265594244003e-06
0.01840311475098133
9.512994438409805e-06
0.01918551279231906
7.279962301254272e-05
0.0007258886471390724
0.0075853243470191956
0.0002339305356144905
0.00012665428221225739
0.000638248398900032
0.01840311475098133
0.01918551279231906
0.001325064804404974
5.2755698561668396e-05
0.00013833027333021164
0.01918551279231906
8.05058516561985e-05
3.8929283618927e-07
0.010896599851548672
0.01840311475098133
5.86826354265213e-06
0.0055009750649333
2.6893801987171173e-05
2.21841037273407e-06
0.01918551279231906
4.584901034832001e-05
0.0055009750649333
0.01918551279231906
4.3448060750961304e-05
3.0118972063064575e-06
0.0001718304120004177
1.1413823813199997e-05
0.0002624331973493099
0.00020794104784727097
6.59748911857605e-06
3.864942118525505e-05
0.0055009750649333
2.061016857624054e-05
1.747533679008484e-05
0.01840311475098133
0.0032744971103966236
0.002751978114247322
7.279962301254272e-05
0.005809396505355835
5.6424643844366074e-05
0.0025689657777547836
2.3215077817440033e-05
0.01918551279231906
6.22081570327282e-05
0.0055009750649333
2.3283064365386963e-06
0.01840311475098133
6.557116284966469e-05
0.0007966584526002407
8.279457688331604e-06
0.026034008245915174
0.0055009750649333
0.00021820515394210815
6.164703518152237e-05
0.0002707601524889469
0.00012665428221225739
3.012828528881073e-07
5.424953997135162e-07
1.902412623167038e-05
0.01840311475098133
0.022036395967006683
2.1841377019882202e-05
0.0055009750649333
0.0001171668991446495
0.0011646910570561886
1.5273690223693848e-07
1.8833205103874207e-05
8.745118975639343e-07
8.940696716308594e-08
7.279962301254272e-05
0.004244007170200348
7.762573659420013e-07
0.00014916155487298965
0.0007258886471390724
8.05058516561985e-05
0.0011398172937333584
1.423526555299759e-06
4.080124199390411e-06
0.0007562683895230293
4.7171488404273987e-07
4.83635812997818e-06
2.6710331439971924e-06
0.0004921001382172108
1.8833205103874207e-05
0.00012665428221225739
0.0005403035320341587
0.005077734589576721
0.008892821613699198
4.0918588638305664e-05
2.628238871693611e-05
0
0.0055009750649333
0.00020794104784727097
0.0034042890183627605
0.0004418804310262203
0.0055009750649333
1.7695128917694092e-07
3.82252037525177e-05
0.0055009750649333
0.00012162793427705765
6.51925802230835e-08
0.00014659343287348747
0
0.022036395967006683
0.0001653255894780159
0.00013833027333021164
0.00012665428221225739
0.002454395405948162
0.0007258886471390724
0.0004921001382172108
5.880370736122131e-06
0.00039856554940342903
1.8833205103874207e-05
0.00011703139171004295
1.1688098311424255e-07
0.0004732506349682808
1.2030359357595444e-05
1.444946974515915e-06
0.008892821613699198
6.798654794692993e-06
2.062413841485977e-06
0.0010262676514685154
5.2755698561668396e-05
0.026034008245915174
7.747672498226166e-06
3.5581644624471664e-05
0.00014659343287348747
0.0055009750649333
0.00012665428221225739
5.6424643844366074e-05
0.004250957164913416
1.1101365089416504e-06
0.00013856496661901474
0.01918551279231906
5.6424643844366074e-05
0.01840311475098133
1.816079020500183e-08
0.022036395967006683
0.008892821613699198
0.00013833027333021164
0.022036395967006683
4.3448060750961304e-05
0.000378170982003212
0.03456551022827625
0.0005024890415370464
0.00012665428221225739
0.005077734589576721
0.01918551279231906
0.0007258886471390724
0.00011660903692245483
9.391922503709793e-06
0.00012665428221225739
0.01840311475098133
3.5581644624471664e-05
1.864507794380188e-06
0.00012665428221225739
9.313691407442093e-06
2.44705006480217e-06
0.026034008245915174
0.00037978170439600945
0.022036395967006683
0.01918551279231906
9.55536961555481e-07
5.6424643844366074e-05
0.0025689657777547836
0.001325064804404974
0.0004418804310262203
0.002907401416450739
9.313691407442093e-06
0.0021670605055987835
3.5581644624471664e-05
0.001390534918755293
8.522253483533859e-05
4.694424569606781e-05
0.0007562683895230293
0.01918551279231906
9.55536961555481e-07
0.00012444285675883293
3.5581644624471664e-05
2.71480530500412e-07
4.777684807777405e-07
0.00033955369144678116
1.0686926543712616e-06
2.061016857624054e-05
0.0010213889181613922
7.492490112781525e-07
8.522253483533859e-05
0.001390534918755293
0.01918551279231906
0.0007258886471390724
0.00013813748955726624
1.6530044376850128e-05
0.0015699733048677444
0.01840311475098133
6.22081570327282e-05
2.123415470123291e-07
0.01840311475098133
0.0013287276960909367
0.01918551279231906
0.0005403035320341587
0.0003910972736775875
0.008892821613699198
4.3448060750961304e-05
0.00014698738232254982
0.0005357991904020309
0.0008967556059360504
0.0007562683895230293
0.01918551279231906
0.013929905835539103
0.00011789286509156227
1.0530930012464523e-05
0.0014869836159050465
0.01918551279231906
0.00017348723486065865
0.0055009750649333
0.0001604584977030754
3.312714397907257e-06
0.0002624331973493099
0.0007258886471390724
0.0013287276960909367
0.0025689657777547836
4.7171488404273987e-07
0.0021200538612902164
0.0007258886471390724
0.01918551279231906
4.413491114974022e-05
0.0055009750649333
0.00014541903510689735
8.350703865289688e-06
0.00039856554940342903
0.03456551022827625
0.0010325117036700249
4.7171488404273987e-07
0.008892821613699198
0.0007562683895230293
0.0007258886471390724
0.0055009750649333
0.0055009750649333
8.755363523960114e-06
0.0055009750649333
4.080124199390411e-06
2.9705464839935303e-05
0.01840311475098133
0.0037787319160997868
0.0014869836159050465
0.01840311475098133
0.00018249545246362686
0.002454395405948162
0.01918551279231906
0.01918551279231906
7.128389552235603e-05
0.0004400745965540409
0.0007258886471390724
0.0020965649746358395
0.01840311475098133
0.022036395967006683
0.01918551279231906
0.00024623237550258636
2.062413841485977e-06
0.010896599851548672
8.990056812763214e-06
6.798654794692993e-06
0.0013287276960909367
0.03456551022827625
9.55536961555481e-07
0.002907401416450739
0.01918551279231906
0.022036395967006683
0.00012665428221225739
0.0003102915361523628
0.0032835109159350395
0.0016236361116170883
0.01840311475098133
0.0006950059905648232
0.01918551279231906
0.0006950059905648232
0.0002624331973493099
0.001390534918755293
0.0049460153095424175
0.00021820515394210815
0.0018431502394378185
0.00013833027333021164
0.0055009750649333
0.0005551008507609367
0.0055009750649333
0.00011660903692245483
0.000638248398900032
1.0530930012464523e-05
0.00012081954628229141
4.7171488404273987e-07
0.008892821613699198
