0.003336191177368164
0.00046056509017944336
6.037019193172455e-05
0.0015100836753845215
0.0016453266143798828
0.00021108239889144897
0.002690911293029785
0.0015528202056884766
0.0006580054759979248
0.01225423812866211
0.0009972453117370605
0.00017039477825164795
0.03015422821044922
3.3598393201828e-05
0.0030210018157958984
0.01392507553100586
0.0034886598587036133
0.0012287497520446777
0.005402088165283203
0.004957437515258789
0.005815267562866211
0.003400444984436035
0.01225423812866211
0.0003864169120788574
0.007715463638305664
0.007715463638305664
8.091330528259277e-05
0.0024874210357666016
0.03015422821044922
0.01392507553100586
0.0034404993057250977
0.00047320127487182617
0.003790616989135742
0.0030242204666137695
0.0009803175926208496
1.1389056453481317e-07
0.012400150299072266
0.007715463638305664
0.0027577877044677734
0.03015422821044922
0.003280043601989746
0.002242445945739746
7.625669240951538e-05
0.0020650625228881836
0.0011644363403320312
0.004957437515258789
0.0007148981094360352
0.0017891526222229004
5.338713526725769e-05
0.002118825912475586
0.00012875348329544067
0.0014895200729370117
0.0029599666595458984
0.00030729174613952637
0.03015422821044922
1.019798219203949e-05
0.00023125112056732178
0.0015528202056884766
0.0023986101150512695
0.0013902783393859863
0.0014895200729370117
0.00019372999668121338
0.0002560168504714966
0.003029465675354004
0.012706756591796875
0.002725362777709961
0.00046981871128082275
0.010007858276367188
0.012400150299072266
0.005801677703857422
0.005402088165283203
9.791180491447449e-05
5.489913746714592e-06
3.379187546670437e-06
0.00011414662003517151
0.01225423812866211
0.0011504292488098145
0.0011971592903137207
0.0012652277946472168
0.0006583034992218018
0.002414107322692871
0.01392507553100586
0.0006868541240692139
0.01225423812866211
0.0019236207008361816
0.001559436321258545
0.01225423812866211
0.0034886598587036133
0.002106904983520508
0.0015978217124938965
0.0071032047271728516
0.012706756591796875
0.01392507553100586
0.0027577877044677734
0.0006576180458068848
0.010007858276367188
2.675224095582962e-05
0.0017551779747009277
0.03015422821044922
0.0012534260749816895
0.01225423812866211
0.00654292106628418
0.00654292106628418
4.1478779166936874e-07
0.00288999080657959
0.004957437515258789
0.0071866512298583984
0.0010331273078918457
0.01392507553100586
0.0006183981895446777
0.0017891526222229004
0.0011504292488098145
0.01225423812866211
1.7816200852394104e-05
0.00015647709369659424
0.004957437515258789
0.012400150299072266
0.0003521144390106201
0.03015422821044922
0.0029599666595458984
0.0015797615051269531
0.002690911293029785
0.004957437515258789
0.012706756591796875
0.0013834834098815918
0.005815267562866211
9.971484541893005e-05
0.01225423812866211
0.01225423812866211
0.011288642883300781
2.777203917503357e-05
0.01392507553100586
0.0008056461811065674
0.0030312538146972656
0.00033909082412719727
1.5990808606147766e-06
0.0006183981895446777
0.0034886598587036133
0.008072376251220703
0.0008068084716796875
0.00039899349212646484
0.00038088858127593994
0.0012287497520446777
0.0009803175926208496
1.6969628632068634e-05
0.0015797615051269531
0.01392507553100586
0.03015422821044922
3.099814057350159e-05
0.0034886598587036133
0.012400150299072266
0.0017891526222229004
0.00021108239889144897
0.00029349327087402344
0.002443552017211914
0.0016453266143798828
0.0001760050654411316
0.0009718537330627441
0.0023573637008666992
0.0007017254829406738
0.012400150299072266
0.00016511231660842896
0.0022096633911132812
0.03015422821044922
0.0071032047271728516
0.0019707679748535156
0.0032324790954589844
0.007715463638305664
3.2689422369003296e-05
0.0071032047271728516
0.004957437515258789
0.0005242228507995605
0.0008575022220611572
0.0011719465255737305
0.012706756591796875
0.002443552017211914
0.03015422821044922
0.03015422821044922
0.0005935430526733398
3.0352966859936714e-06
3.378838300704956e-05
0.001559436321258545
0.0010786056518554688
0.01392507553100586
0.0019707679748535156
0.03015422821044922
0.0021712779998779297
0.002106904983520508
0.00044812262058258057
5.289725959300995e-05
0.001885056495666504
2.2477470338344574e-05
0.005815267562866211
0.0008012950420379639
0.0009230673313140869
7.811561226844788e-05
0.0005626678466796875
0.010182857513427734
5.116686224937439e-05
0.0034886598587036133
0.010182857513427734
0.002690911293029785
0.011288642883300781
0.012706756591796875
0.0034886598587036133
0.01392507553100586
0.007715463638305664
0.00014579296112060547
4.26173210144043e-05
9.22568142414093e-05
0.0027577877044677734
0.0016811490058898926
0.007363557815551758
0.008072376251220703
0.0004139542579650879
0.0034886598587036133
0.002690911293029785
0.0034886598587036133
5.234265699982643e-06
0.03015422821044922
0.03015422821044922
0.03015422821044922
0.001063704490661621
0.0016811490058898926
0.0005356669425964355
0.012706756591796875
5.889870226383209e-05
0.03015422821044922
0.0071866512298583984
0.012706756591796875
0.002242445945739746
0.00010567158460617065
0.01392507553100586
5.441950634121895e-06
0.0008133053779602051
0.005815267562866211
0.0017891526222229004
0.01225423812866211
0.00014769285917282104
0.008072376251220703
0.0019707679748535156
0.012400150299072266
0.00292050838470459
0.0012287497520446777
0.0014386177062988281
0.0008280277252197266
0.0012287497520446777
0.011288642883300781
0.005402088165283203
0.00042626261711120605
0.0015528202056884766
0.012706756591796875
0.0001591816544532776
0.0001429244875907898
0.003002762794494629
4.0780287235975266e-06
0.0010331273078918457
0.0019587278366088867
0.002106904983520508
0.003157377243041992
0.007715463638305664
0.01392507553100586
0.010182857513427734
0.00046056509017944336
3.1499192118644714e-05
0.003336191177368164
0.0015850067138671875
0.0034886598587036133
0.004957437515258789
0.0007148981094360352
0.03015422821044922
0.002725362777709961
0.0002998560667037964
0.002008795738220215
0.00288999080657959
0.0010331273078918457
0.03015422821044922
0.003280043601989746
2.213055267930031e-06
0.0001558735966682434
0.03015422821044922
0.0006417930126190186
0.003336191177368164
0.0034886598587036133
0.01225423812866211
0.0011504292488098145
0.0018407106399536133
0.0014163851737976074
0.00038754940032958984
0.005801677703857422
0.00015012919902801514
0.00023430585861206055
0.004957437515258789
3.923894837498665e-06
0.0013825297355651855
0.0012287497520446777
0.00015284866094589233
9.651854634284973e-05
2.4857930839061737e-05
0.0004608631134033203
0.003400444984436035
3.097824219366885e-10
0.0007951557636260986
0.010007858276367188
0.0004774034023284912
0.0034886598587036133
0.002106904983520508
0.0006576180458068848
0.004957437515258789
0.0027577877044677734
0.010182857513427734
0.0020650625228881836
0.0009573698043823242
0.010007858276367188
0.012400150299072266
0.0034886598587036133
0.0013834834098815918
0.00015012919902801514
0.010007858276367188
0.0015100836753845215
9.856652468442917e-06
0.010182857513427734
0.002242445945739746
8.991360664367676e-05
0.0015797615051269531
1.5751458704471588e-05
0.00033909082412719727
0.007715463638305664
0.008072376251220703
0.0034404993057250977
0.0016453266143798828
0.03015422821044922
0.0005402565002441406
0.0008068084716796875
0.0008246898651123047
2.1988525986671448e-05
0.0002964586019515991
0.03015422821044922
0.0009573698043823242
0.002242445945739746
0.0006417930126190186
0.00023644417524337769
0.0013665556907653809
0.01225423812866211
0.010007858276367188
0.012400150299072266
0.0002778470516204834
0.005815267562866211
0.010007858276367188
0.007715463638305664
4.771152362081921e-10
0.0034404993057250977
0.03015422821044922
0.005402088165283203
0.0012287497520446777
0.007363557815551758
0.010007858276367188
0.012400150299072266
0.0016701817512512207
4.8570334911346436e-05
0.00015676021575927734
0.007715463638305664
0.01225423812866211
0.0016701817512512207
0.008072376251220703
0.0034886598587036133
0.0017511248588562012
0.005801677703857422
0.012400150299072266
0.00015117228031158447
6.797490641474724e-06
0.0012534260749816895
0.0014493465423583984
0.0010331273078918457
0.007715463638305664
0.01225423812866211
0.00030522048473358154
0.005815267562866211
0.0004722326993942261
0.012706756591796875
0.0034886598587036133
0.012706756591796875
4.26173210144043e-05
0.0029599666595458984
0.011288642883300781
0.0013825297355651855
9.22568142414093e-05
0.03015422821044922
2.777203917503357e-05
0.0007017254829406738
0.004957437515258789
0.0027577877044677734
6.425543688237667e-07
0.03015422821044922
0.0004587620496749878
0.005402088165283203
0.005815267562866211
0.03015422821044922
0.001018822193145752
3.210880095139146e-07
0.0003190040588378906
0.004957437515258789
0.010182857513427734
0.01225423812866211
0.00248873233795166
0.004957437515258789
0.004957437515258789
0.0004562884569168091
0.001933753490447998
2.4059787392616272e-05
0.0018175244331359863
3.101685575046531e-14
0.0011504292488098145
0.012400150299072266
0.012706756591796875
0.00011276453733444214
0.00042626261711120605
0.012400150299072266
5.4193660616874695e-06
0.0003889501094818115
0.0012554526329040527
0.0071866512298583984
0.0005032718181610107
1.4172401279211044e-05
0.005815267562866211
0.01392507553100586
0.003790616989135742
0.00034806132316589355
0.007715463638305664
0.010007858276367188
0.012706756591796875
0.0024269819259643555
0.0013834834098815918
4.5262277126312256e-05
0.0034886598587036133
0.00011048093438148499
0.0005197525024414062
0.0012534260749816895
0.0009972453117370605
0.0005691349506378174
0.0006550848484039307
0.000566333532333374
0.0019587278366088867
0.003280043601989746
0.002933025360107422
0.03015422821044922
0.03015422821044922
0.0009180605411529541
0.0004229545593261719
0.00046136975288391113
0.00099945068359375
0.005902290344238281
0.0011042952537536621
0.002008795738220215
0.00021006911993026733
6.458722054958344e-07
0.0011754035949707031
0.00027498602867126465
0.003336191177368164
0.03015422821044922
0.0018175244331359863
0.0014895200729370117
2.2186897695064545e-05
0.011288642883300781
0.005902290344238281
0.00288999080657959
0.0017554759979248047
1.6856211004778743e-07
0.0030242204666137695
3.5157427191734314e-05
0.005815267562866211
0.0002674609422683716
0.00047869980335235596
0.00037848949432373047
0.007715463638305664
9.020417928695679e-05
0.012400150299072266
0.01392507553100586
0.008072376251220703
0.002118825912475586
4.162639379501343e-05
0.012400150299072266
0.00022790580987930298
0.01392507553100586
0.00019485503435134888
7.930677384138107e-06
0.00023093819618225098
0.0016453266143798828
0.002242445945739746
0.0004904568195343018
0.01392507553100586
0.03015422821044922
0.0011754035949707031
0.001569211483001709
0.0014895200729370117
0.003157377243041992
0.01392507553100586
0.00023430585861206055
0.007363557815551758
3.506802022457123e-05
0.0033186674118041992
0.012706756591796875
0.0015850067138671875
0.010007858276367188
0.010007858276367188
1.3586832210421562e-06
0.0017511248588562012
0.005815267562866211
0.000824272632598877
0.0007684826850891113
0.0011504292488098145
0.00099945068359375
0.0008575022220611572
0.0017979145050048828
0.003336191177368164
0.005815267562866211
0.0016811490058898926
0.00029061734676361084
0.0050754547119140625
0.03015422821044922
0.0009350478649139404
0.0071866512298583984
0.0017891526222229004
0.0003238767385482788
3.1502917408943176e-05
0.011288642883300781
0.0027577877044677734
0.003790616989135742
0.012400150299072266
0.0030312538146972656
9.551115454087267e-11
1.2114644050598145e-05
0.00654292106628418
0.0014493465423583984
6.878376007080078e-05
0.0004139542579650879
0.0034886598587036133
0.0002303197979927063
0.0016453266143798828
7.520429790019989e-08
0.0018841028213500977
0.00015714019536972046
0.0017511248588562012
0.003029465675354004
0.0034404993057250977
0.0002169683575630188
0.0009053945541381836
0.003157377243041992
0.0050754547119140625
0.0002921968698501587
0.01392507553100586
0.03015422821044922
0.004472494125366211
0.005902290344238281
0.0006183981895446777
0.03015422821044922
0.0008056461811065674
0.00015886127948760986
0.012400150299072266
0.0012770295143127441
0.01392507553100586
0.00047320127487182617
2.576597034931183e-05
0.0001110658049583435
0.0034886598587036133
0.0001885145902633667
0.00654292106628418
0.01225423812866211
0.00019635260105133057
4.507601261138916e-05
8.541159331798553e-06
0.012400150299072266
0.0030312538146972656
1.4067045412957668e-06
0.0009803175926208496
0.0034886598587036133
5.658075679093599e-07
0.00195920467376709
1.4201505109667778e-06
0.00048828125
0.000670701265335083
0.0030242204666137695
0.00654292106628418
0.00037582218647003174
0.0008133053779602051
0.0015528202056884766
0.002690911293029785
1.7671845853328705e-06
0.03015422821044922
0.01225423812866211
0.0008056461811065674
0.03015422821044922
0.0030312538146972656
7.242709398269653e-05
0.0006550848484039307
0.0017891526222229004
0.010007858276367188
0.0005935430526733398
0.0015850067138671875
0.003280043601989746
8.291099220514297e-07
0.005815267562866211
0.005402088165283203
0.002106904983520508
0.00046315789222717285
0.0017891526222229004
2.0575709640979767e-05
0.03015422821044922
0.0071032047271728516
0.0024824142456054688
0.0013747215270996094
0.01392507553100586
0.00654292106628418
0.00654292106628418
0.00036166608333587646
0.0030242204666137695
0.00012402981519699097
0.01392507553100586
0.0013834834098815918
0.003790616989135742
0.000330314040184021
0.0071032047271728516
0.008072376251220703
0.004957437515258789
0.00046056509017944336
0.0006643533706665039
0.01392507553100586
0.003400444984436035
0.0008012950420379639
0.0018841028213500977
0.0016811490058898926
0.0011504292488098145
0.005815267562866211
0.010007858276367188
0.005402088165283203
0.008072376251220703
0.004957437515258789
0.0018841028213500977
5.470402538776398e-05
0.010182857513427734
0.0016453266143798828
0.004957437515258789
0.0026786327362060547
0.005902290344238281
0.00038088858127593994
0.012400150299072266
0.00014793872833251953
9.869411587715149e-05
0.03015422821044922
0.0003700554370880127
0.0027577877044677734
0.000299111008644104
0.0009369850158691406
0.004957437515258789
0.01225423812866211
0.004957437515258789
0.004957437515258789
2.1643005311489105e-05
0.002118825912475586
0.012400150299072266
0.03015422821044922
0.0006183981895446777
0.002725362777709961
0.0011754035949707031
0.010007858276367188
0.0014414787292480469
0.0024269819259643555
0.0034886598587036133
0.000128917396068573
0.0017511248588562012
0.0011504292488098145
0.00014469027519226074
0.01225423812866211
0.012400150299072266
0.0017511248588562012
0.00046315789222717285
4.815496504306793e-05
0.00039292871952056885
2.6223715394735336e-06
0.0024824142456054688
0.003336191177368164
0.00014491379261016846
0.008072376251220703
0.0009180605411529541
0.0016453266143798828
0.002414107322692871
0.0071866512298583984
0.010182857513427734
0.0027577877044677734
0.00036728382110595703
0.005815267562866211
0.01392507553100586
0.01225423812866211
9.035691618919373e-06
0.002690911293029785
0.03015422821044922
0.004957437515258789
0.0015797615051269531
0.001559436321258545
0.0012554526329040527
0.0017551779747009277
0.0003864169120788574
0.0004673600196838379
0.004957437515258789
0.000466078519821167
0.0032324790954589844
0.0071866512298583984
0.0027577877044677734
0.01392507553100586
0.007363557815551758
4.013441503047943e-05
0.0014414787292480469
0.011288642883300781
0.0012287497520446777
0.01225423812866211
6.167963147163391e-05
3.478117287158966e-05
0.03015422821044922
0.012706756591796875
0.012706756591796875
0.0011353492736816406
0.0034404993057250977
0.004957437515258789
0.003790616989135742
0.004957437515258789
4.104524850845337e-05
0.0013494491577148438
0.00030522048473358154
0.010182857513427734
0.002242445945739746
0.0008133053779602051
0.0018841028213500977
0.03015422821044922
0.005902290344238281
7.293000817298889e-05
0.0030312538146972656
0.0014386177062988281
0.0012287497520446777
0.004957437515258789
0.0018841028213500977
0.005815267562866211
0.00248873233795166
0.011288642883300781
8.410587906837463e-05
1.1336524039506912e-06
0.0012554526329040527
0.00195920467376709
0.00288999080657959
0.0071032047271728516
8.910894393920898e-06
0.01225423812866211
4.5262277126312256e-05
0.002933025360107422
0.0016453266143798828
0.0005017220973968506
0.0034886598587036133
2.350308932363987e-06
0.0026586055755615234
5.7406723499298096e-05
0.007715463638305664
1.703854650259018e-05
0.0017891526222229004
0.01392507553100586
0.0006576180458068848
0.01392507553100586
0.0015528202056884766
3.966689109802246e-05
8.392333984375e-05
9.655207395553589e-05
0.0012652277946472168
0.005801677703857422
0.01392507553100586
0.03015422821044922
0.0032324790954589844
0.001901388168334961
0.003790616989135742
0.000526726245880127
0.002008795738220215
0.003002762794494629
0.002933025360107422
0.0012534260749816895
8.991360664367676e-05
0.00046056509017944336
0.005902290344238281
0.0011504292488098145
0.00044809281826019287
0.0006097257137298584
0.00019427388906478882
0.00046056509017944336
0.005815267562866211
0.00020506232976913452
0.0012652277946472168
0.01225423812866211
0.001885056495666504
0.0034404993057250977
0.0034886598587036133
0.004957437515258789
0.01392507553100586
0.007715463638305664
0.0014843344688415527
0.03015422821044922
0.004957437515258789
0.00044809281826019287
0.0006576180458068848
0.03015422821044922
0.004957437515258789
0.01225423812866211
0.0032324790954589844
0.0006417930126190186
5.0846487283706665e-05
0.00020828843116760254
0.0002027079463005066
0.0014493465423583984
0.00011860579252243042
0.002414107322692871
0.0034404993057250977
0.0014895200729370117
0.0008280277252197266
0.0013747215270996094
0.005902290344238281
0.002242445945739746
0.03015422821044922
0.00023139268159866333
6.037019193172455e-05
1.5169847756624222e-05
0.0008108019828796387
0.00020692497491836548
0.00288999080657959
0.00039292871952056885
0.0030242204666137695
0.01225423812866211
0.0006350576877593994
0.0008056461811065674
0.0027577877044677734
0.0013494491577148438
7.378309965133667e-05
0.003157377243041992
0.0017554759979248047
0.003029465675354004
0.011288642883300781
0.0010920166969299316
0.0012534260749816895
5.720183253288269e-05
0.0002303197979927063
0.012706756591796875
9.59448516368866e-05
0.010182857513427734
0.002933025360107422
0.004957437515258789
0.00195920467376709
0.0009972453117370605
0.0003050267696380615
0.0011504292488098145
0.00020345300436019897
0.001559436321258545
0.012400150299072266
0.003790616989135742
0.004957437515258789
0.03015422821044922
0.0008012950420379639
0.00046981871128082275
0.012400150299072266
0.01225423812866211
0.03015422821044922
0.007363557815551758
0.00048592686653137207
0.001559436321258545
0.0027577877044677734
0.002933025360107422
0.012706756591796875
9.264424443244934e-05
0.008072376251220703
3.831926733255386e-06
0.007715463638305664
0.0050754547119140625
0.010182857513427734
0.002118825912475586
0.012706756591796875
0.0006583034992218018
0.0030242204666137695
0.005801677703857422
0.0032324790954589844
0.0030210018157958984
0.0009803175926208496
0.0001110658049583435
0.0034886598587036133
0.01225423812866211
9.854882955551147e-05
0.003157377243041992
0.001641988754272461
0.00019574910402297974
0.00015012919902801514
0.0008056461811065674
0.03015422821044922
0.0007137954235076904
0.0012586116790771484
0.004472494125366211
0.003790616989135742
0.0030242204666137695
0.00288999080657959
0.0034886598587036133
0.03015422821044922
0.0001346394419670105
0.001933753490447998
0.012400150299072266
0.0001582801342010498
0.0016811490058898926
0.0023573637008666992
0.0013494491577148438
0.0003270357847213745
0.0002549886703491211
0.0034886598587036133
0.012400150299072266
0.0016811490058898926
0.03015422821044922
0.004957437515258789
0.005902290344238281
0.0001691877841949463
0.0006350576877593994
9.517243597656488e-07
0.0026786327362060547
0.0030242204666137695
0.00028680264949798584
0.0005930662155151367
0.010007858276367188
0.001063704490661621
0.0010786056518554688
0.003157377243041992
0.0029599666595458984
0.0020650625228881836
2.7636997401714325e-07
0.0015797615051269531
0.0003335922956466675
0.0017979145050048828
0.0007017254829406738
0.0026786327362060547
0.004957437515258789
0.004957437515258789
0.0011719465255737305
0.010182857513427734
0.01225423812866211
0.01225423812866211
0.00654292106628418
0.002933025360107422
0.0034404993057250977
0.0014412403106689453
0.0050754547119140625
2.9188580811023712e-05
0.0007017254829406738
3.378838300704956e-05
0.011288642883300781
0.008072376251220703
0.00288999080657959
0.00021334737539291382
0.005801677703857422
0.0017511248588562012
0.0009718537330627441
0.0001346394419670105
0.0003864169120788574
0.0004088282585144043
0.012706756591796875
0.0006643533706665039
0.0003557354211807251
0.0030210018157958984
0.0013494491577148438
0.0020650625228881836
0.01225423812866211
0.003157377243041992
2.9585498850792646e-07
0.003790616989135742
0.003336191177368164
0.011288642883300781
0.00292050838470459
0.0016811490058898926
6.588816177099943e-07
0.01392507553100586
0.00195920467376709
0.010007858276367188
0.00099945068359375
0.0050754547119140625
0.0008280277252197266
0.0006350576877593994
0.001885056495666504
0.00248873233795166
0.0011504292488098145
0.0014723539352416992
0.01392507553100586
0.0010331273078918457
2.116546966135502e-06
6.835325621068478e-07
0.0005356669425964355
0.0017511248588562012
0.01225423812866211
0.011288642883300781
0.004957437515258789
0.0022096633911132812
0.004957437515258789
0.0010658502578735352
0.03015422821044922
0.01392507553100586
8.549913763999939e-05
0.010182857513427734
1.3499055057764053e-05
0.00015354901552200317
0.0010735392570495605
0.008072376251220703
0.03015422821044922
0.002242445945739746
0.0030242204666137695
0.0032324790954589844
0.002690911293029785
0.0030242204666137695
0.0013834834098815918
3.478117287158966e-05
0.0013665556907653809
0.012706756591796875
0.00038088858127593994
0.03015422821044922
0.005402088165283203
0.00015714019536972046
0.005402088165283203
2.485141158103943e-05
4.5262277126312256e-05
0.0012287497520446777
0.01392507553100586
0.00015873461961746216
0.007715463638305664
0.0027577877044677734
0.005815267562866211
0.00248873233795166
0.0050754547119140625
0.0007641911506652832
0.003336191177368164
0.0016811490058898926
0.0034404993057250977
2.497714012861252e-05
7.484108209609985e-05
0.0034886598587036133
0.01392507553100586
0.002106904983520508
3.6416167858988047e-07
0.004957437515258789
0.01392507553100586
0.008072376251220703
0.00019427388906478882
0.0014414787292480469
4.0221959352493286e-05
0.0015850067138671875
0.0003967881202697754
0.003280043601989746
0.0015850067138671875
0.012400150299072266
0.0029599666595458984
0.002118825912475586
4.4236367102712393e-07
0.0034404993057250977
0.0014493465423583984
0.0001233518123626709
0.0013512372970581055
0.00017477571964263916
0.010007858276367188
8.196011185646057e-05
0.004957437515258789
7.38329254090786e-06
0.012400150299072266
0.0007422864437103271
0.00018455088138580322
0.010182857513427734
0.0018841028213500977
0.0010331273078918457
0.01392507553100586
0.00010192766785621643
0.0016453266143798828
0.0010735392570495605
0.0014723539352416992
0.0008575022220611572
0.0008604824542999268
1.4289282262325287e-05
0.01225423812866211
0.000504225492477417
0.002106904983520508
0.0008575022220611572
0.012400150299072266
0.03015422821044922
0.01225423812866211
0.002242445945739746
0.01392507553100586
0.0030242204666137695
0.011288642883300781
0.01392507553100586
0.004957437515258789
0.0006540119647979736
0.012706756591796875
0.005815267562866211
0.0019261837005615234
0.002106904983520508
0.003157377243041992
0.0032324790954589844
0.00047320127487182617
0.01225423812866211
0.0005766451358795166
0.03015422821044922
2.6366906240582466e-06
0.03015422821044922
5.014939233660698e-06
0.0030242204666137695
0.000149652361869812
0.00017740577459335327
0.0007135272026062012
2.244114875793457e-05
0.0050754547119140625
9.632483124732971e-05
0.010007858276367188
0.0006273388862609863
0.004957437515258789
0.0008068084716796875
0.00039899349212646484
0.0006065964698791504
0.00016560405492782593
0.0033186674118041992
0.0071866512298583984
3.1828880310058594e-05
0.0008148550987243652
0.007363557815551758
1.883041113615036e-05
0.0019867420196533203
0.01225423812866211
7.357075810432434e-05
0.03015422821044922
0.0009803175926208496
0.0001614093780517578
0.0005935430526733398
0.010007858276367188
0.0017511248588562012
0.004957437515258789
0.00023093819618225098
0.00023430585861206055
0.0018175244331359863
0.01392507553100586
0.0006440281867980957
0.01392507553100586
0.01392507553100586
0.005815267562866211
0.004957437515258789
0.004957437515258789
0.003029465675354004
0.000781714916229248
0.012400150299072266
0.03015422821044922
0.010007858276367188
0.0008133053779602051
8.231960237026215e-06
0.0016453266143798828
0.0029599666595458984
0.0002674609422683716
0.002106904983520508
0.005815267562866211
0.0004594177007675171
0.003002762794494629
0.0019867420196533203
0.0005227923393249512
0.0032324790954589844
0.0034886598587036133
7.869675755500793e-05
0.001063704490661621
0.0006583034992218018
0.0010786056518554688
0.0010786056518554688
0.01225423812866211
0.003790616989135742
0.004957437515258789
0.00288999080657959
0.00020345300436019897
0.0034404993057250977
0.0014895200729370117
0.01225423812866211
0.00033909082412719727
0.03015422821044922
0.00288999080657959
0.004472494125366211
0.0032324790954589844
0.0018841028213500977
0.00195920467376709
0.00040915608406066895
0.0009803175926208496
0.002414107322692871
0.003790616989135742
0.0027577877044677734
0.002725362777709961
4.296889528632164e-06
0.0019707679748535156
7.09928572177887e-05
0.01225423812866211
0.010007858276367188
0.007715463638305664
0.003336191177368164
0.004472494125366211
3.6135315895080566e-05
0.010182857513427734
0.010007858276367188
0.010182857513427734
5.518272519111633e-05
0.01225423812866211
0.0003889501094818115
0.00010747462511062622
0.001933753490447998
0.0030312538146972656
0.0024269819259643555
0.03015422821044922
0.01392507553100586
0.0015100836753845215
0.004957437515258789
0.01225423812866211
0.010007858276367188
0.0034404993057250977
0.0004088282585144043
8.787137684151958e-13
2.222321927547455e-05
0.0021712779998779297
0.0005913078784942627
0.008072376251220703
0.010007858276367188
0.010007858276367188
0.010007858276367188
0.003790616989135742
0.01392507553100586
0.003336191177368164
0.0009180605411529541
0.0034404993057250977
0.005402088165283203
0.00046056509017944336
0.004957437515258789
0.00016172975301742554
0.004957437515258789
0.012706756591796875
0.03015422821044922
0.002106904983520508
0.001933753490447998
0.0024824142456054688
0.00099945068359375
0.012400150299072266
4.616798833012581e-06
0.002414107322692871
0.0005542635917663574
0.012706756591796875
0.010007858276367188
0.002118825912475586
0.004957437515258789
0.003336191177368164
0.0007858574390411377
0.012706756591796875
0.005402088165283203
0.002106904983520508
0.002242445945739746
0.004957437515258789
0.00288999080657959
0.010007858276367188
0.01225423812866211
0.03015422821044922
1.0489602573215961e-06
0.0008068084716796875
0.01392507553100586
0.0010786056518554688
4.255125531926751e-07
0.00010887905955314636
0.00033946335315704346
0.002690911293029785
0.0007858574390411377
0.0026586055755615234
1.4115124940872192e-05
0.0010920166969299316
0.0034886598587036133
0.000824272632598877
0.002242445945739746
0.00023121386766433716
0.004957437515258789
0.03015422821044922
0.0008384585380554199
0.01392507553100586
8.663907647132874e-05
0.0034886598587036133
0.03015422821044922
0.005815267562866211
0.01392507553100586
0.0005356669425964355
0.0008068084716796875
0.0017891526222229004
0.001559436321258545
8.663907647132874e-05
0.03015422821044922
0.03015422821044922
0.0014723539352416992
3.682635724544525e-05
0.002933025360107422
0.0016811490058898926
0.0012287497520446777
0.01225423812866211
0.01225423812866211
0.01225423812866211
0.004957437515258789
0.0016701817512512207
0.0030242204666137695
0.00046056509017944336
0.0034886598587036133
0.012706756591796875
0.010182857513427734
0.0034404993057250977
0.0009053945541381836
0.0023986101150512695
0.0032324790954589844
0.003002762794494629
0.03015422821044922
0.0011504292488098145
0.00044812262058258057
0.0010786056518554688
0.0024269819259643555
0.03015422821044922
0.0004139542579650879
0.010007858276367188
7.324665784835815e-05
0.0018407106399536133
0.001569211483001709
0.007715463638305664
0.0034404993057250977
0.00015714019536972046
0.00021334737539291382
0.00036950409412384033
0.004957437515258789
6.699003279209137e-06
0.007715463638305664
0.00015016645193099976
0.008072376251220703
0.0023851394653320312
0.012706756591796875
0.0007135272026062012
0.0013902783393859863
0.0007877945899963379
0.004472494125366211
0.0032324790954589844
7.37910158932209e-06
2.5614164769649506e-05
0.00036807358264923096
0.03015422821044922
9.290128946304321e-05
3.682635724544525e-05
0.0013834834098815918
0.0011998414993286133
0.0004041939973831177
0.012706756591796875
0.0013902783393859863
0.00038754940032958984
0.0012554526329040527
0.005801677703857422
0.010182857513427734
0.0008280277252197266
0.004957437515258789
0.0034404993057250977
0.0008929967880249023
0.000566333532333374
0.0004042387008666992
0.00027182698249816895
4.865927621722221e-06
0.002933025360107422
0.007715463638305664
0.01392507553100586
0.03015422821044922
0.00023644417524337769
0.01392507553100586
0.0009718537330627441
0.003280043601989746
0.001885056495666504
0.004472494125366211
0.0034404993057250977
0.0011504292488098145
0.0002789497375488281
0.0030242204666137695
0.0008133053779602051
0.008072376251220703
0.0003889501094818115
0.0002767294645309448
0.0008280277252197266
3.4885015338659286e-06
0.0013902783393859863
0.004957437515258789
0.03015422821044922
0.01225423812866211
0.00654292106628418
0.0016928315162658691
1.1449214071035385e-05
0.0010658502578735352
5.356594920158386e-05
0.002242445945739746
0.0013902783393859863
0.0010890960693359375
0.0014895200729370117
0.00011896714568138123
0.003790616989135742
0.011288642883300781
1.3150274753570557e-05
0.0020650625228881836
0.012706756591796875
0.0014895200729370117
0.004957437515258789
0.03015422821044922
0.0012586116790771484
0.0030210018157958984
0.0071866512298583984
0.010182857513427734
0.0005984306335449219
0.03015422821044922
0.0002490878105163574
0.0009573698043823242
0.0019261837005615234
0.00034262239933013916
0.01392507553100586
7.625669240951538e-05
0.003790616989135742
0.0016453266143798828
0.0006057322025299072
0.0005883276462554932
0.00288999080657959
0.003280043601989746
0.0008056461811065674
0.00017590820789337158
0.0015850067138671875
1.7432612366974354e-06
0.0014066100120544434
0.0027577877044677734
0.010007858276367188
0.0018841028213500977
0.01392507553100586
0.0012652277946472168
8.991360664367676e-05
0.0005967020988464355
5.097594112157822e-06
0.008072376251220703
0.003400444984436035
0.0011504292488098145
0.0017511248588562012
0.010182857513427734
0.0005176365375518799
0.002106904983520508
0.00288999080657959
0.03015422821044922
0.002414107322692871
0.0015100836753845215
0.000454634428024292
0.01392507553100586
0.01225423812866211
2.4227119865827262e-08
0.0008012950420379639
6.8158842623233795e-06
0.010007858276367188
0.0004587620496749878
0.0015850067138671875
0.0026786327362060547
0.01225423812866211
0.00024677813053131104
0.01225423812866211
0.00046056509017944336
0.012400150299072266
0.00015873461961746216
0.0006933808326721191
0.0013494491577148438
0.002118825912475586
0.00013169646263122559
0.0032324790954589844
0.0010890960693359375
2.1646730601787567e-05
0.012706756591796875
0.002933025360107422
0.0023986101150512695
5.209632217884064e-05
0.012400150299072266
0.000824272632598877
1.1207303032279015e-06
0.002690911293029785
0.002106904983520508
0.0071866512298583984
3.0157389119267464e-06
0.0014493465423583984
0.01392507553100586
0.003157377243041992
0.00288999080657959
0.0006065964698791504
0.001063704490661621
0.0012554526329040527
0.0034886598587036133
0.0017511248588562012
0.0013512372970581055
0.0011644363403320312
0.0071866512298583984
3.01445834338665e-06
0.0010658502578735352
0.010182857513427734
0.00031532347202301025
0.0007694661617279053
0.01225423812866211
0.0014493465423583984
0.012400150299072266
0.0006804764270782471
0.03015422821044922
0.03015422821044922
0.0017511248588562012
0.0008280277252197266
0.0010920166969299316
0.003002762794494629
0.0006057322025299072
0.0019261837005615234
0.0006580054759979248
0.005402088165283203
0.01225423812866211
0.012706756591796875
0.00025922060012817383
0.002725362777709961
0.0034404993057250977
0.00036676228046417236
0.0022096633911132812
0.0012287497520446777
0.004957437515258789
0.0013512372970581055
0.00654292106628418
0.0001346394419670105
0.003002762794494629
0.0014386177062988281
0.0026586055755615234
0.0032324790954589844
0.010007858276367188
0.01392507553100586
9.648829291108996e-09
0.00036728382110595703
0.004957437515258789
0.03015422821044922
0.002690911293029785
0.005902290344238281
0.004472494125366211
0.004957437515258789
0.0019236207008361816
0.0050754547119140625
0.0007877945899963379
0.012706756591796875
0.002690911293029785
4.9249138101004064e-08
0.0010920166969299316
0.0019261837005615234
0.00020246952772140503
1.5906989574432373e-06
0.0030312538146972656
0.0027577877044677734
0.01392507553100586
0.01225423812866211
0.002242445945739746
0.0007017254829406738
0.003790616989135742
0.0014895200729370117
0.0034404993057250977
0.004957437515258789
0.0008280277252197266
0.0015850067138671875
0.012706756591796875
0.0013665556907653809
0.0019261837005615234
0.0016811490058898926
0.000566333532333374
0.012706756591796875
0.0023851394653320312
3.164447844028473e-05
0.0005984306335449219
0.0005356669425964355
0.01225423812866211
4.0263403207063675e-06
0.010182857513427734
0.0005356669425964355
0.03015422821044922
0.0008068084716796875
0.0006057322025299072
0.0011644363403320312
0.002690911293029785
0.0004042387008666992
0.01225423812866211
0.00015714019536972046
0.010182857513427734
8.231960237026215e-06
0.012706756591796875
9.544193744659424e-06
0.002933025360107422
0.0032324790954589844
0.01392507553100586
0.005801677703857422
0.0034404993057250977
0.010182857513427734
0.002725362777709961
1.7121434211730957e-05
0.03015422821044922
0.0014895200729370117
0.0071032047271728516
0.004957437515258789
0.005902290344238281
0.00248873233795166
0.0026786327362060547
0.002242445945739746
0.002690911293029785
0.00036878883838653564
0.0023573637008666992
0.01392507553100586
0.0016811490058898926
4.507601261138916e-05
0.000652998685836792
0.004472494125366211
0.010182857513427734
0.0017891526222229004
0.0014895200729370117
0.007715463638305664
1.3474375009536743e-05
4.477985203266144e-05
0.0010786056518554688
2.1614134311676025e-05
0.001063704490661621
7.625669240951538e-05
0.0029599666595458984
0.004957437515258789
0.012706756591796875
0.00023093819618225098
0.008072376251220703
0.0034886598587036133
0.0006419718265533447
0.0024824142456054688
0.01225423812866211
0.00039961934089660645
0.0034886598587036133
0.010182857513427734
0.010182857513427734
0.0012287497520446777
0.0008056461811065674
0.0034886598587036133
0.01392507553100586
0.0001476779580116272
0.0034404993057250977
0.012400150299072266
0.012706756591796875
0.0016811490058898926
0.003029465675354004
0.005815267562866211
0.01392507553100586
0.0027577877044677734
0.004957437515258789
0.0011353492736816406
0.008072376251220703
0.012706756591796875
0.00023093819618225098
0.0009053945541381836
0.00288999080657959
1.9881874322891235e-05
0.0030242204666137695
0.0030242204666137695
0.0050754547119140625
9.551115454087267e-11
0.00044812262058258057
0.002414107322692871
0.0014895200729370117
0.0011042952537536621
0.0006417930126190186
0.010182857513427734
0.0013902783393859863
0.01225423812866211
3.0604496714659035e-08
0.0014895200729370117
0.0017891526222229004
1.560710370540619e-05
0.03015422821044922
0.0009150803089141846
0.0013834834098815918
0.005902290344238281
0.00046969950199127197
0.00037214159965515137
0.0006868541240692139
0.0034404993057250977
0.012400150299072266
0.00017509609460830688
0.010182857513427734
0.03015422821044922
0.0016453266143798828
0.0033186674118041992
0.004957437515258789
0.012706756591796875
0.007363557815551758
0.005801677703857422
0.0008012950420379639
0.004957437515258789
0.00043579936027526855
0.010007858276367188
0.0002921968698501587
0.0015409588813781738
0.0014414787292480469
0.03015422821044922
0.002443552017211914
0.002933025360107422
0.005402088165283203
2.706330269575119e-05
0.01392507553100586
0.0008604824542999268
0.00654292106628418
0.0071866512298583984
1.0762829333543777e-05
0.002933025360107422
0.01392507553100586
0.0010968446731567383
0.01225423812866211
0.0034404993057250977
0.0034886598587036133
0.0018841028213500977
0.00654292106628418
0.004957437515258789
0.0030312538146972656
0.01392507553100586
0.01225423812866211
0.005902290344238281
0.0005032718181610107
0.00288999080657959
0.01225423812866211
0.001559436321258545
7.786788046360016e-06
0.010007858276367188
0.01392507553100586
0.00036340951919555664
0.03015422821044922
6.869807839393616e-05
0.0005691349506378174
0.01225423812866211
0.0030242204666137695
0.03015422821044922
0.01225423812866211
0.0011504292488098145
0.001710057258605957
0.0006440281867980957
0.00019434839487075806
0.002106904983520508
0.0013747215270996094
0.0012554526329040527
0.00046056509017944336
0.03015422821044922
0.0016744136810302734
0.0009803175926208496
0.01392507553100586
0.00046981871128082275
0.003400444984436035
0.0034404993057250977
0.003029465675354004
0.005402088165283203
0.002008795738220215
0.0003016144037246704
0.01225423812866211
0.0019867420196533203
0.03015422821044922
0.00010747462511062622
0.01392507553100586
0.0003889501094818115
0.00037582218647003174
0.0019261837005615234
0.012706756591796875
0.03015422821044922
0.0013665556907653809
0.0001054517924785614
0.000970304012298584
0.004957437515258789
1.8076039850711823e-05
6.834790110588074e-05
0.0002482980489730835
0.01392507553100586
0.012400150299072266
0.000709831714630127
0.03015422821044922
0.0001969859004020691
0.0011971592903137207
8.663628250360489e-07
0.003002762794494629
0.00036337971687316895
0.00011860579252243042
0.0034404993057250977
0.0006065964698791504
0.0009350478649139404
0.0014163851737976074
0.0034886598587036133
0.001559436321258545
0.0004491060972213745
0.00021632760763168335
0.0016811490058898926
0.0032324790954589844
0.0017891526222229004
3.569439286366105e-07
2.530403435230255e-05
0.003790616989135742
0.003002762794494629
0.004957437515258789
0.002690911293029785
0.004472494125366211
0.010182857513427734
0.00018455088138580322
0.0011998414993286133
1.981481909751892e-05
0.03015422821044922
0.0013747215270996094
0.00023644417524337769
0.0027577877044677734
0.03015422821044922
1.6202102415263653e-07
8.239969611167908e-05
0.03015422821044922
0.00047153234481811523
1.9488856196403503e-05
0.002242445945739746
1.118809450417757e-06
0.012400150299072266
0.00012017786502838135
0.00288999080657959
0.004957437515258789
0.0071032047271728516
0.0034886598587036133
0.003790616989135742
0.0006273388862609863
0.0050754547119140625
0.003002762794494629
0.0007951557636260986
0.0006488561630249023
0.0001302957534790039
0.0006580054759979248
1.8742866814136505e-05
0.010182857513427734
5.6471675634384155e-05
0.00014579296112060547
0.0029599666595458984
0.0005032718181610107
0.012706756591796875
0.00015714019536972046
0.0017511248588562012
0.002242445945739746
0.03015422821044922
0.004957437515258789
0.005402088165283203
8.410587906837463e-05
0.00010875612497329712
9.703263640403748e-05
0.01225423812866211
0.005402088165283203
0.01392507553100586
0.0005531609058380127
0.012400150299072266
0.010182857513427734
0.00288999080657959
0.012400150299072266
0.0011504292488098145
0.0022096633911132812
0.007715463638305664
0.002414107322692871
0.004957437515258789
0.004472494125366211
0.01225423812866211
0.0034886598587036133
0.0017511844635009766
0.0009972453117370605
0.004957437515258789
0.01392507553100586
0.0017511248588562012
0.0004608631134033203
0.004957437515258789
0.0012534260749816895
0.0009573698043823242
0.012706756591796875
0.0005617439746856689
0.012400150299072266
0.01225423812866211
0.0016701817512512207
0.005402088165283203
0.002008795738220215
0.005902290344238281
0.0027577877044677734
0.0033186674118041992
0.0012534260749816895
0.003280043601989746
0.0017511248588562012
0.007363557815551758
0.000824272632598877
0.0001256018877029419
0.0032324790954589844
0.01225423812866211
0.0016701817512512207
0.003157377243041992
0.0017511248588562012
3.2243551686406136e-06
7.919501513242722e-06
0.0010786056518554688
0.0006201863288879395
0.0016744136810302734
0.001885056495666504
0.00038754940032958984
0.000824272632598877
0.007363557815551758
0.01225423812866211
0.0034886598587036133
1.869257539510727e-05
0.00019089877605438232
0.011288642883300781
0.01392507553100586
0.0019867420196533203
0.00010102242231369019
0.01392507553100586
0.002992391586303711
0.01225423812866211
0.002690911293029785
0.0011353492736816406
0.010182857513427734
0.0011504292488098145
0.0019707679748535156
0.0002926290035247803
0.0014386177062988281
0.0032324790954589844
0.01225423812866211
0.0009053945541381836
0.0013494491577148438
0.001933753490447998
0.0010331273078918457
0.01225423812866211
0.00010344013571739197
0.03015422821044922
0.0013902783393859863
8.073821663856506e-05
0.002106904983520508
0.0034886598587036133
0.002992391586303711
0.002008795738220215
0.0017891526222229004
0.0003238767385482788
0.0034886598587036133
0.01225423812866211
0.0008133053779602051
0.03015422821044922
4.26173210144043e-05
0.0011719465255737305
0.0050754547119140625
0.007715463638305664
0.0014414787292480469
0.0017891526222229004
0.010182857513427734
0.0032324790954589844
0.0034886598587036133
0.03015422821044922
0.03015422821044922
5.996786057949066e-05
0.03015422821044922
0.0016811490058898926
0.00011465698480606079
0.01392507553100586
0.0015100836753845215
0.0010331273078918457
0.01392507553100586
0.00022495537996292114
0.0071032047271728516
0.01225423812866211
0.01225423812866211
0.0007200837135314941
0.0012287497520446777
0.0034886598587036133
0.005815267562866211
0.01392507553100586
0.012400150299072266
0.01225423812866211
0.0004900693893432617
0.00014579296112060547
0.010007858276367188
0.00029630959033966064
5.6471675634384155e-05
0.002992391586303711
0.007715463638305664
0.0016701817512512207
0.0033186674118041992
0.01225423812866211
0.012400150299072266
0.004957437515258789
0.0017551779747009277
0.0071866512298583984
0.005801677703857422
0.01392507553100586
0.0016453266143798828
0.01225423812866211
0.0016453266143798828
0.002106904983520508
0.007363557815551758
3.506802022457123e-05
0.0013665556907653809
0.0016739964485168457
0.00288999080657959
0.03015422821044922
0.0008753538131713867
0.03015422821044922
0.0017511844635009766
0.0030312538146972656
0.001933753490447998
0.00010522082448005676
0.0017891526222229004
0.010182857513427734
