0.0006603217311909049
3.865139711822785e-05
5.692110181348964e-05
0.0037787344140234325
0.0006950083165699894
0.00021938443488078718
0.0005403056778607862
0.00037149615339826525
1.2032578468310073e-05
0.01918551513617217
9.393965438447838e-06
0.0008202014997049645
0.005500977540926044
5.144964270367008e-07
0.0007826047917260937
0.01840311734619604
0.0007258907913545443
0.00044007676461577105
5.6426825953470594e-05
0.00012665620555152302
0.0020965673570998433
0.002751980401068721
0.01918551513617217
0.0007582423758609735
0.034565513094889866
0.034565513094889866
1.335562397844492e-05
0.0017168645143605943
0.005500977540926044
0.01840311734619604
7.280183879254665e-05
0.0010944606768372722
0.0004921024508224292
4.585100721349322e-05
1.7477290986445126e-05
1.0227859929682389e-07
0.022036398227413656
0.034565513094889866
0.00044188266990285996
0.005500977540926044
0.0021670626951504346
0.00014659547870787826
3.8475464398113335e-06
0.007928377774049977
0.00012967659627349803
0.00012665620555152302
3.023735620603929e-06
4.7365075102551515e-07
1.460232574126974e-05
0.00012317271487649606
1.1425042126853024e-05
0.0022771902516680598
0.0010262699424927746
2.531800075655094e-06
0.005500977540926044
1.9438588192310924e-05
5.5573457125590586e-05
0.00037149615339826525
0.001254286297310614
0.00016046051377260895
0.0022771902516680598
1.399768932293377e-05
1.4138865732551964e-05
0.005809398859149439
0.026034011272741964
0.0017363127814267187
0.003274499396777486
0.010896602290031865
0.022036398227413656
0.0016236380829379726
5.6426825953470594e-05
3.896755957147335e-06
5.982113479730683e-07
8.804661556782722e-07
0.0001852303491653995
0.01918551513617217
4.345008985351395e-05
0.00116469323416446
0.00010032932185388699
2.714202370243668e-05
0.000502490972019487
0.01840311734619604
0.0003437525778040573
0.01918551513617217
0.0004332150052692718
8.050774467605049e-05
0.01918551513617217
0.0007258907913545443
0.0002624355714124782
2.3601988688087827e-05
0.0024543978694069324
0.026034011272741964
0.01840311734619604
0.00044188266990285996
0.00011519181650665455
0.010896602290031865
1.0776498972993234e-07
0.0003102936039307558
0.005500977540926044
9.316012805987706e-06
0.01918551513617217
0.00023393272464256043
0.00023393272464256043
4.014668571299118e-07
0.00013833242408800572
0.00012665620555152302
0.0032835130089630127
0.0014869856445702823
0.01840311734619604
0.0005374812209746338
4.7365075102551515e-07
4.345008985351395e-05
0.01918551513617217
6.36133250245946e-06
0.002128965516963177
0.00012665620555152302
0.022036398227413656
0.0001501738281732834
0.005500977540926044
0.0010262699424927746
0.00025871767003904367
0.0005403056778607862
0.00012665620555152302
0.026034011272741964
0.0029097458895073203
0.0020965673570998433
3.1432680565697933e-10
0.01918551513617217
0.01918551513617217
0.001569975408829194
0.0003668812489392437
0.01840311734619604
0.0016387593971050052
0.0006382504330275651
1.8867400415601386e-07
1.5200669674340792e-09
0.0005374812209746338
0.0007258907913545443
0.002742139372696073
0.005384159857257487
0.00037830335866839704
6.15266480297888e-06
0.00044007676461577105
1.7477290986445126e-05
0.00018107422188284872
0.00025871767003904367
0.01840311734619604
0.005500977540926044
2.5567181177299503e-05
0.0007258907913545443
0.022036398227413656
4.7365075102551515e-07
0.00021938443488078718
0.0021097969016246054
0.002792684658096789
0.0006950083165699894
5.970422403835107e-06
0.002720795082659322
0.001705682468212899
8.932399054459306e-06
0.022036398227413656
3.5319314725772155e-06
0.00037817325463151974
0.005500977540926044
0.0024543978694069324
0.00014698972084636885
0.0007562703912489255
0.034565513094889866
8.876291854018059e-06
0.0024543978694069324
0.00012665620555152302
0.00023523002726233422
0.0002452428008523633
8.352594709937211e-06
0.026034011272741964
0.002792684658096789
0.005500977540926044
0.005500977540926044
0.0007401772093178494
3.958417752684962e-06
0.00045991706851200576
8.050774467605049e-05
0.0003395556499499186
0.01840311734619604
0.00014698972084636885
0.005500977540926044
0.00046338525181921497
0.0002624355714124782
1.0274761964676471e-05
1.993726111906846e-05
0.0010213912296350713
1.3108633690750437e-05
0.0020965673570998433
0.000628971428096925
0.0038503611577880292
6.010038425613429e-05
0.0004054095390930712
0.008892824137717525
3.288802537257732e-07
0.0007258907913545443
0.008892824137717525
0.0005403056778607862
0.001569975408829194
0.026034011272741964
0.0007258907913545443
0.01840311734619604
0.034565513094889866
2.0644616765923274e-06
0.0001454210831219882
1.71713771367904e-06
0.00044188266990285996
4.082319429485337e-06
0.0013905375372615936
0.002742139372696073
3.6212928198164906e-05
0.0007258907913545443
0.0005403056778607862
0.0007258907913545443
7.049843295826852e-09
0.005500977540926044
0.005500977540926044
0.005500977540926044
1.785012525748475e-06
4.082319429485337e-06
5.717744745104003e-05
0.026034011272741964
1.2751749413949381e-06
0.005500977540926044
0.0032835130089630127
0.026034011272741964
0.00014659547870787826
3.0937773892632248e-06
0.01840311734619604
1.0510759983650697e-05
4.413679310277807e-05
0.0020965673570998433
4.7365075102551515e-07
0.01918551513617217
0.0010092856807801809
0.002742139372696073
0.00014698972084636885
0.022036398227413656
0.0016462430380741466
0.00044007676461577105
0.0008967577619305445
0.0003324784207414666
0.00044007676461577105
0.001569975408829194
5.6426825953470594e-05
1.4391009403227212e-06
0.00037149615339826525
0.026034011272741964
0.00010764425657283638
0.0019093325051979804
1.883536821395415e-05
2.0745087453283295e-06
0.0014869856445702823
0.0026247567504995573
0.0002624355714124782
0.00012444512486298187
0.034565513094889866
0.01840311734619604
0.008892824137717525
3.865139711822785e-05
4.424635484980011e-06
0.0006603217311909049
0.003311296279132847
0.0007258907913545443
0.00012665620555152302
3.023735620603929e-06
0.005500977540926044
0.0017363127814267187
1.2392463051763558e-05
0.0025689680009470806
0.00013833242408800572
0.0014869856445702823
0.005500977540926044
0.0021670626951504346
7.154272398078587e-07
0.0002249703886167964
0.005500977540926044
0.00019489690728202724
0.0006603217311909049
0.0007258907913545443
0.01918551513617217
4.345008985351395e-05
0.00011198257459832384
0.000149163830580612
7.511731470741592e-07
0.0016236380829379726
1.2972851409734365e-05
0.00014570113628775694
0.00012665620555152302
1.2068666829559405e-08
0.0006194415049156632
0.00044007676461577105
0.00029253222051739414
6.314735913459657e-05
4.8095598450390215e-09
1.8669142274677086e-06
0.002751980401068721
6.878146494119228e-09
0.00011703347524194552
0.010896602290031865
0.0006144605335194342
0.0007258907913545443
0.0002624355714124782
0.00011519181650665455
0.00012665620555152302
0.00044188266990285996
0.008892824137717525
0.007928377774049977
2.4490097197786553e-06
0.010896602290031865
0.022036398227413656
0.0007258907913545443
0.0029097458895073203
1.2972851409734365e-05
0.010896602290031865
0.0037787344140234325
7.372468000790068e-10
0.008892824137717525
0.00014659547870787826
0.0012365440169848085
0.00025871767003904367
2.7834136409696925e-07
1.8867400415601386e-07
0.034565513094889866
0.002742139372696073
7.280183879254665e-05
0.0006950083165699894
0.005500977540926044
0.00010961412703935913
0.005384159857257487
0.00014635003108076639
1.4334559732633902e-07
3.1572434274595995e-05
0.005500977540926044
2.4490097197786553e-06
0.00014659547870787826
0.00019489690728202724
0.0034042911960447952
0.0002182075063477118
0.01918551513617217
0.010896602290031865
0.022036398227413656
1.218116493828525e-05
0.0020965673570998433
0.010896602290031865
0.034565513094889866
1.5344543718119396e-11
7.280183879254665e-05
0.005500977540926044
5.6426825953470594e-05
0.00044007676461577105
0.0013905375372615936
0.010896602290031865
0.022036398227413656
9.577485484395937e-07
5.969204327445354e-06
2.056717636492178e-05
0.034565513094889866
0.01918551513617217
9.577485484395937e-07
0.002742139372696073
0.0007258907913545443
3.558397233133226e-05
0.0016236380829379726
0.022036398227413656
2.4490435589025195e-05
4.106795816599673e-05
9.316012805987706e-06
0.003420250911673861
0.0014869856445702823
0.034565513094889866
0.01918551513617217
7.970525500250458e-06
0.0020965673570998433
5.678054684231382e-06
0.026034011272741964
0.0007258907913545443
0.026034011272741964
0.0001454210831219882
0.0010262699424927746
0.001569975408829194
0.0006194415049156632
1.71713771367904e-06
0.005500977540926044
0.0003668812489392437
8.932399054459306e-06
0.00012665620555152302
0.00044188266990285996
5.658380810213623e-08
0.005500977540926044
0.0004765282491359102
5.6426825953470594e-05
0.0020965673570998433
0.005500977540926044
3.467160208372663e-07
1.7687401298732697e-06
2.6533401868505946e-05
0.00012665620555152302
0.008892824137717525
0.01918551513617217
0.0016798922219614099
0.00012665620555152302
0.00012665620555152302
5.514897757152859e-05
1.0533430987308412e-05
0.0006223731900485419
0.005944352034546796
1.7640999527189722e-09
4.345008985351395e-05
0.022036398227413656
0.026034011272741964
9.391190473118094e-05
1.4391009403227212e-06
0.022036398227413656
0.00015788110444159287
6.557322873923521e-05
6.599435916708474e-06
0.0032835130089630127
5.27581613807282e-05
1.0585480205910214e-05
0.0020965673570998433
0.01840311734619604
0.0004921024508224292
0.00012376640622213664
0.034565513094889866
0.010896602290031865
0.026034011272741964
0.002181674256462429
0.0029097458895073203
7.017030832286164e-06
0.0007258907913545443
0.00012217765983613127
1.7360334593182272e-07
9.316012805987706e-06
9.393965438447838e-06
2.2204493955110816e-06
9.21583148962013e-06
7.057588933753745e-08
0.0026247567504995573
0.0021670626951504346
5.375601825709231e-06
0.005500977540926044
0.005500977540926044
0.0018232310090997572
5.492914269128457e-07
0.00011151194702130329
1.8542830011181177e-05
0.0013250669842381768
9.286301666000529e-05
0.0025689680009470806
0.00011336677765094727
1.795098788339236e-07
1.2549333545955332e-05
0.0004319617736507908
0.0006603217311909049
0.005500977540926044
0.005944352034546796
0.0022771902516680598
0.0009050947431461509
0.001569975408829194
0.0013250669842381768
0.00013833242408800572
9.510191176420602e-05
2.155877296836084e-06
4.585100721349322e-05
6.017602799474053e-05
0.0020965673570998433
1.426569384452292e-05
0.001533407433127465
2.5372766073311626e-06
0.034565513094889866
1.8483050937163903e-07
0.022036398227413656
0.01840311734619604
0.002742139372696073
0.00012317271487649606
3.841469980259138e-05
0.022036398227413656
3.123629847096021e-05
0.01840311734619604
5.571716629348966e-06
0.0024555179996887944
0.0006122956709537775
0.0006950083165699894
0.00014659547870787826
0.0007374775550710311
0.01840311734619604
0.005500977540926044
1.2549333545955332e-05
6.765004681830167e-06
0.0022771902516680598
0.00012444512486298187
0.01840311734619604
0.00014570113628775694
0.0013905375372615936
0.004946017567363015
0.002907403853171786
0.026034011272741964
0.003311296279132847
0.010896602290031865
0.010896602290031865
3.385700719882342e-11
3.558397233133226e-05
0.0020965673570998433
8.522476404027035e-05
4.191522309165974e-05
4.345008985351395e-05
1.8542830011181177e-05
0.0002452428008523633
4.1571840417253814e-05
0.0006603217311909049
0.0020965673570998433
4.082319429485337e-06
0.00027166883965978883
0.00039856781028690946
0.005500977540926044
7.782421722482905e-07
0.0032835130089630127
4.7365075102551515e-07
0.0021200562338350437
9.864379596754365e-09
0.001569975408829194
0.00044188266990285996
0.0004921024508224292
0.022036398227413656
0.0006382504330275651
5.791309348465898e-11
1.965088480222754e-06
0.00023393272464256043
0.003420250911673861
1.4949026969801604e-05
3.6212928198164906e-05
0.0007258907913545443
0.0001577888639396896
0.0006950083165699894
8.703235587128461e-07
0.007585327001976339
7.750021575977928e-06
3.558397233133226e-05
0.005809398859149439
7.280183879254665e-05
7.20241421774126e-07
0.013929908971817895
0.00012444512486298187
0.00039856781028690946
0.0005656251149179781
0.01840311734619604
0.005500977540926044
0.0050777372603008075
0.0013250669842381768
0.0005374812209746338
0.005500977540926044
0.0016387593971050052
9.197419045155197e-07
0.022036398227413656
2.5803381806521752e-05
0.01840311734619604
0.0010944606768372722
9.205046648114168e-06
0.00040963428728657547
0.0007258907913545443
3.025555638951115e-08
0.00023393272464256043
0.01918551513617217
2.449082834813515e-07
1.9739117645051207e-05
6.748033758001166e-08
0.022036398227413656
0.0006382504330275651
2.4295528557169085e-07
1.7477290986445126e-05
0.0007258907913545443
1.941655118677392e-08
2.0044414639264208e-05
2.7770832808794027e-07
8.108756031921516e-05
6.578943283389038e-06
4.585100721349322e-05
0.00023393272464256043
0.0007966606186453618
4.413679310277807e-05
0.00037149615339826525
0.0005403056778607862
4.925079672292443e-06
0.005500977540926044
0.01918551513617217
0.0016387593971050052
0.005500977540926044
0.0006382504330275651
1.4691593117843738e-05
9.21583148962013e-06
4.7365075102551515e-07
0.010896602290031865
0.0007401772093178494
0.003311296279132847
0.0021670626951504346
5.761583337956079e-09
0.0020965673570998433
5.6426825953470594e-05
0.0002624355714124782
2.0099483036939425e-05
4.7365075102551515e-07
1.888416932568568e-06
0.005500977540926044
0.0024543978694069324
0.006018344103239315
0.00020794333402340826
0.01840311734619604
0.00023393272464256043
0.00023393272464256043
3.429455578581042e-06
4.585100721349322e-05
1.0711696805734694e-05
0.01840311734619604
0.0029097458895073203
0.0004921024508224292
1.3333269968077328e-07
0.0024543978694069324
0.002742139372696073
0.00012665620555152302
3.865139711822785e-05
0.009759330024508017
0.01840311734619604
0.002751980401068721
0.000628971428096925
0.007585327001976339
4.082319429485337e-06
4.345008985351395e-05
0.0020965673570998433
0.010896602290031865
5.6426825953470594e-05
0.002742139372696073
0.00012665620555152302
0.007585327001976339
2.2212629394308125e-06
0.008892824137717525
0.0006950083165699894
0.00012665620555152302
0.0024931946832218443
0.0013250669842381768
6.15266480297888e-06
0.022036398227413656
0.0001929538128633279
0.00025980260994229454
0.005500977540926044
0.00012854707986931224
0.00044188266990285996
3.96672954734445e-05
5.4815482080361466e-05
0.00012665620555152302
0.01918551513617217
0.00012665620555152302
0.00012665620555152302
5.374877704532582e-08
0.00012317271487649606
0.022036398227413656
0.005500977540926044
0.0005374812209746338
0.0017363127814267187
1.2549333545955332e-05
0.010896602290031865
0.0010325137332163337
0.002181674256462429
0.0007258907913545443
3.147652758189734e-05
3.558397233133226e-05
4.345008985351395e-05
0.00044605785167872725
0.01918551513617217
0.022036398227413656
3.558397233133226e-05
2.0099483036939425e-05
3.3008891617336555e-05
0.005607276361111246
5.9085800933750265e-06
0.006018344103239315
0.0006603217311909049
0.00010404624007542829
0.002742139372696073
0.0018232310090997572
0.0006950083165699894
0.000502490972019487
0.0032835130089630127
0.008892824137717525
0.00044188266990285996
1.5660884961132826e-05
0.0020965673570998433
0.01840311734619604
0.01918551513617217
8.967311038249326e-06
0.0005403056778607862
0.005500977540926044
0.00012665620555152302
0.00025871767003904367
8.050774467605049e-05
6.599435916708474e-06
0.0003102936039307558
0.0007582423758609735
0.0012949566662765477
0.00012665620555152302
5.03042222554928e-05
0.0007562703912489255
0.0032835130089630127
0.00044188266990285996
0.01840311734619604
0.0013905375372615936
3.5898620209195986e-05
0.0010325137332163337
0.001569975408829194
0.00044007676461577105
0.01918551513617217
7.127882325251925e-07
5.5693852825111634e-05
0.005500977540926044
0.026034011272741964
0.026034011272741964
0.0003910994367908316
7.280183879254665e-05
0.00012665620555152302
0.0004921024508224292
0.00012665620555152302
8.451279719845495e-05
0.0001178950070986895
7.970525500250458e-06
0.008892824137717525
0.00014659547870787826
4.413679310277807e-05
0.007585327001976339
0.005500977540926044
0.0013250669842381768
0.0012851649420699829
0.0006382504330275651
0.0008967577619305445
0.00044007676461577105
0.00012665620555152302
0.007585327001976339
0.0020965673570998433
0.0016798922219614099
0.001569975408829194
0.004250959841613167
5.52275878210783e-09
6.599435916708474e-06
2.0044414639264208e-05
0.00013833242408800572
0.0024543978694069324
1.0911302222749164e-05
0.01918551513617217
7.017030832286164e-06
5.375601825709231e-06
0.0006950083165699894
0.00042361325587503273
0.0007258907913545443
3.2952941359243315e-06
0.0027759513217517906
4.3723938122075534e-05
0.034565513094889866
3.403258987458562e-08
4.7365075102551515e-07
0.01840311734619604
0.00011519181650665455
0.01840311734619604
0.00037149615339826525
1.810696645346277e-05
1.92106338040704e-06
5.030553574232946e-07
0.00010032932185388699
0.0016236380829379726
0.01840311734619604
0.005500977540926044
0.0007562703912489255
0.00027723175656646504
0.0004921024508224292
5.3491998821375564e-05
0.0025689680009470806
1.883536821395415e-05
5.375601825709231e-06
9.316012805987706e-06
0.0012365440169848085
3.865139711822785e-05
0.0013250669842381768
4.345008985351395e-05
0.0001258805755330883
1.233974611986391e-06
9.777926500156853e-06
3.865139711822785e-05
0.0020965673570998433
0.00028430977129012547
0.00010032932185388699
0.01918551513617217
0.0010213912296350713
7.280183879254665e-05
0.0007258907913545443
0.00012665620555152302
0.01840311734619604
0.034565513094889866
0.010202165524162865
0.005500977540926044
0.00012665620555152302
0.0001258805755330883
0.00011519181650665455
0.005500977540926044
0.00012665620555152302
0.01918551513617217
0.0007562703912489255
0.00019489690728202724
0.0001157151490704944
1.539324576194101e-06
0.00012404190878845256
0.003420250911673861
3.706662245306358e-05
0.000502490972019487
7.280183879254665e-05
0.0022771902516680598
0.0003324784207414666
0.00020794333402340826
0.0013250669842381768
0.00014659547870787826
0.005500977540926044
2.6224578658293196e-06
5.692110181348964e-05
7.600259206708149e-06
0.00014039574669832966
8.73250467150902e-08
0.00013833242408800572
0.005607276361111246
4.585100721349322e-05
0.01918551513617217
9.988598464044651e-06
0.0016387593971050052
0.00044188266990285996
0.0001178950070986895
3.3530648486717815e-07
0.00012444512486298187
9.510191176420602e-05
0.005809398859149439
0.001569975408829194
0.0010568296562816215
9.316012805987706e-06
3.6197134664739394e-05
0.0001577888639396896
0.026034011272741964
1.1074480264338521e-07
0.008892824137717525
5.375601825709231e-06
0.00012665620555152302
2.0044414639264208e-05
9.393965438447838e-06
0.00010533514753208184
4.345008985351395e-05
5.6285739550021585e-06
8.050774467605049e-05
0.022036398227413656
0.0004921024508224292
0.00012665620555152302
0.005500977540926044
0.000628971428096925
0.003274499396777486
0.022036398227413656
0.01918551513617217
0.005500977540926044
0.0013905375372615936
0.0014496894436781815
8.050774467605049e-05
0.00044188266990285996
5.375601825709231e-06
0.026034011272741964
3.953963576629194e-06
0.002742139372696073
2.1089926120383684e-06
0.034565513094889866
0.00039856781028690946
0.008892824137717525
0.00012317271487649606
0.026034011272741964
2.714202370243668e-05
4.585100721349322e-05
0.0016236380829379726
0.0007562703912489255
0.0007826047917260937
1.7477290986445126e-05
0.00040963428728657547
0.0007258907913545443
0.01918551513617217
3.020847713183783e-06
0.00012444512486298187
1.1650913074277847e-06
8.008688910632333e-05
1.2972851409734365e-05
0.0016387593971050052
0.005500977540926044
9.314070981867803e-07
6.90462881823839e-05
0.0050777372603008075
0.0004921024508224292
4.585100721349322e-05
0.00013833242408800572
0.0007258907913545443
0.005500977540926044
0.00104375048704064
1.0533430987308412e-05
0.022036398227413656
6.828193413566108e-05
4.082319429485337e-06
0.001705682468212899
0.0001178950070986895
0.00019022967962856185
6.845930615984042e-05
0.0007258907913545443
0.022036398227413656
4.082319429485337e-06
0.005500977540926044
0.00012665620555152302
0.0013250669842381768
2.3915163972001996e-06
9.988598464044651e-06
1.0676201645395955e-05
0.0024931946832218443
4.585100721349322e-05
6.1828678320011154e-06
0.0005761922045346424
0.010896602290031865
1.785012525748475e-06
0.0003395556499499186
0.00012444512486298187
0.0010262699424927746
0.007928377774049977
2.1266770666611185e-09
0.00025871767003904367
2.1382397316582757e-05
4.1571840417253814e-05
8.932399054459306e-06
0.0024931946832218443
0.00012665620555152302
0.00012665620555152302
8.352594709937211e-06
0.008892824137717525
0.01918551513617217
0.01918551513617217
0.00023393272464256043
5.375601825709231e-06
7.280183879254665e-05
9.170175616035614e-05
0.00039856781028690946
0.00010417184247213385
8.932399054459306e-06
0.00045991706851200576
0.001569975408829194
0.002742139372696073
0.00013833242408800572
0.0008277620236292194
0.0016236380829379726
3.558397233133226e-05
0.002720795082659322
0.00104375048704064
0.0007582423758609735
0.00027917405865052203
0.026034011272741964
0.009759330024508017
0.0006842166159239937
0.0007826047917260937
0.0001178950070986895
0.007928377774049977
0.01918551513617217
0.00012444512486298187
3.025128297866504e-07
0.0004921024508224292
0.0006603217311909049
0.001569975408829194
0.0016462430380741466
4.082319429485337e-06
4.442759647203115e-07
0.01840311734619604
2.0044414639264208e-05
0.010896602290031865
1.8542830011181177e-05
0.00039856781028690946
0.0003324784207414666
9.988598464044651e-06
0.0010213912296350713
0.0016798922219614099
4.345008985351395e-05
0.00039321759097310505
0.01840311734619604
0.0014869856445702823
6.025287965435999e-08
1.2984974955727868e-06
5.717744745104003e-05
3.558397233133226e-05
0.01918551513617217
0.001569975408829194
0.00012665620555152302
0.00037817325463151974
0.00012665620555152302
0.0015070588993477685
0.005500977540926044
0.01840311734619604
7.081833016328587e-06
0.008892824137717525
2.645162570983489e-06
2.7151589407428678e-06
0.0002331904236265725
0.002742139372696073
0.005500977540926044
0.00014659547870787826
4.585100721349322e-05
0.0007562703912489255
0.0005403056778607862
4.585100721349322e-05
0.0029097458895073203
5.5693852825111634e-05
0.0002182075063477118
0.026034011272741964
6.15266480297888e-06
0.005500977540926044
5.6426825953470594e-05
7.750021575977928e-06
5.6426825953470594e-05
2.7745937817426445e-09
7.017030832286164e-06
0.00044007676461577105
0.01840311734619604
0.0001428772776455034
0.034565513094889866
0.00044188266990285996
0.0020965673570998433
0.0016798922219614099
0.00039856781028690946
7.487319962562466e-05
0.0006603217311909049
4.082319429485337e-06
7.280183879254665e-05
5.173076578907088e-06
0.0005000966195289891
0.0007258907913545443
0.01840311734619604
0.0002624355714124782
4.891251115636888e-08
0.00012665620555152302
0.01840311734619604
0.002742139372696073
9.777926500156853e-06
0.0010325137332163337
1.0521773345520749e-07
0.003311296279132847
1.3881238178949096e-06
0.0021670626951504346
0.003311296279132847
0.022036398227413656
0.0010262699424927746
0.00012317271487649606
2.818221230520149e-09
7.280183879254665e-05
0.003420250911673861
2.463140102329335e-07
0.0032909550031128276
3.1055734821483494e-05
0.010896602290031865
2.8553578726747686e-05
0.00012665620555152302
2.6475713248456587e-07
0.022036398227413656
0.000196863915177925
4.092061633365063e-05
0.008892824137717525
0.007585327001976339
0.0014869856445702823
0.01840311734619604
8.896172337107683e-07
0.0006950083165699894
0.0002331904236265725
0.00039321759097310505
0.0002452428008523633
0.001498716824354318
3.030288281375554e-06
0.01918551513617217
0.00117360585417714
0.0002624355714124782
0.0002452428008523633
0.022036398227413656
0.005500977540926044
0.01918551513617217
0.00014659547870787826
0.01840311734619604
4.585100721349322e-05
0.001569975408829194
0.01840311734619604
0.00012665620555152302
0.0005391386586417468
0.026034011272741964
0.0020965673570998433
8.281482630961845e-06
0.0002624355714124782
0.00012444512486298187
0.0007562703912489255
0.0010944606768372722
0.01918551513617217
0.0006816844513197751
0.005500977540926044
1.1321754505373878e-07
0.005500977540926044
1.1943407228209857e-06
4.585100721349322e-05
8.815940659668772e-07
5.5541263266956076e-05
0.00033168271531103244
7.37775537974078e-06
0.00039856781028690946
0.00036275858907242053
0.010896602290031865
5.8826782390122845e-06
0.00012665620555152302
0.005384159857257487
0.00037830335866839704
0.004244009634533086
2.4315089401510948e-06
0.002907403853171786
0.0032835130089630127
2.734622536276982e-08
0.0011889322298870297
0.0013905375372615936
3.7853597895320945e-05
6.22100954229543e-05
0.01918551513617217
3.2101972699927206e-05
0.005500977540926044
1.7477290986445126e-05
3.3414271636902915e-06
0.0007401772093178494
0.010896602290031865
3.558397233133226e-05
0.00012665620555152302
0.0006122956709537775
0.00014570113628775694
0.005944352034546796
0.01840311734619604
0.00017183264295517198
0.01840311734619604
0.01840311734619604
0.0020965673570998433
0.00012665620555152302
0.00012665620555152302
0.005809398859149439
0.0002109333185986717
0.022036398227413656
0.005500977540926044
0.010896602290031865
4.413679310277807e-05
3.445841949049032e-07
0.0006950083165699894
0.0010262699424927746
1.426569384452292e-05
0.0002624355714124782
0.0020965673570998433
0.00035542441034319694
1.883536821395415e-05
6.22100954229543e-05
0.0003105315553466603
0.0007562703912489255
0.0007258907913545443
1.5876182831646261e-07
1.785012525748475e-06
2.714202370243668e-05
0.0003395556499499186
0.0003395556499499186
0.01918551513617217
0.0004921024508224292
0.00012665620555152302
0.00013833242408800572
5.6285739550021585e-06
7.280183879254665e-05
0.0022771902516680598
0.01918551513617217
1.8867400415601386e-07
0.005500977540926044
0.00013833242408800572
0.0050777372603008075
0.0007562703912489255
0.007585327001976339
2.0044414639264208e-05
8.54419212133195e-06
1.7477290986445126e-05
0.000502490972019487
0.0004921024508224292
0.00044188266990285996
0.0017363127814267187
1.856661045393504e-08
0.00014698972084636885
3.914570351308544e-06
0.01918551513617217
0.010896602290031865
0.034565513094889866
0.0006603217311909049
0.0050777372603008075
2.7600075786532452e-05
0.008892824137717525
0.010896602290031865
0.008892824137717525
1.824901046974109e-06
0.01918551513617217
6.557322873923521e-05
2.3305876797712066e-06
1.0533430987308412e-05
0.0006382504330275651
0.002181674256462429
0.005500977540926044
0.01840311734619604
0.0037787344140234325
0.00012665620555152302
0.01918551513617217
0.010896602290031865
7.280183879254665e-05
0.00027917405865052203
8.235374436053383e-11
1.9096980752475456e-05
0.00046338525181921497
7.383785459380565e-05
0.002742139372696073
0.010896602290031865
0.010896602290031865
0.010896602290031865
0.0004921024508224292
0.01840311734619604
0.0006603217311909049
0.0018232310090997572
7.280183879254665e-05
5.6426825953470594e-05
3.865139711822785e-05
0.00012665620555152302
9.189217103251768e-07
0.00012665620555152302
0.026034011272741964
0.005500977540926044
0.0002624355714124782
1.0533430987308412e-05
0.006018344103239315
1.8542830011181177e-05
0.022036398227413656
1.7648339694351957e-07
0.000502490972019487
5.302156679799774e-06
0.026034011272741964
0.010896602290031865
0.00012317271487649606
0.00012665620555152302
0.0006603217311909049
0.00027546840132419703
0.026034011272741964
5.6426825953470594e-05
0.0002624355714124782
0.00014659547870787826
0.00012665620555152302
0.00013833242408800572
0.010896602290031865
0.01918551513617217
0.005500977540926044
1.586852101790096e-08
0.005384159857257487
0.01840311734619604
0.0003395556499499186
1.3096869592495869e-06
2.548943051749325e-06
7.608542338784219e-06
0.0005403056778607862
0.00027546840132419703
0.0027759513217517906
1.8738557843456238e-06
0.0010568296562816215
0.0007258907913545443
8.522476404027035e-05
0.00014659547870787826
0.0011050011196633847
0.00012665620555152302
0.005500977540926044
1.270300440560368e-05
0.01840311734619604
1.3136110331435358e-07
0.0007258907913545443
0.005500977540926044
0.0020965673570998433
0.01840311734619604
5.717744745104003e-05
0.005384159857257487
4.7365075102551515e-07
8.050774467605049e-05
1.3136110331435358e-07
0.005500977540926044
0.005500977540926044
0.00039321759097310505
1.0170082365601636e-07
5.375601825709231e-06
4.082319429485337e-06
0.00044007676461577105
0.01918551513617217
0.01918551513617217
0.01918551513617217
0.00012665620555152302
9.577485484395937e-07
4.585100721349322e-05
3.865139711822785e-05
0.0007258907913545443
0.026034011272741964
0.008892824137717525
7.280183879254665e-05
0.013929908971817895
0.001254286297310614
0.0007562703912489255
1.883536821395415e-05
0.005500977540926044
4.345008985351395e-05
1.0274761964676471e-05
0.0003395556499499186
0.002181674256462429
0.005500977540926044
3.6212928198164906e-05
0.010896602290031865
1.4791245278329007e-06
0.00011198257459832384
6.765004681830167e-06
0.034565513094889866
7.280183879254665e-05
7.750021575977928e-06
0.0008277620236292194
9.097167536951337e-08
0.00012665620555152302
1.4699516113977906e-05
0.034565513094889866
1.3252162330695816e-07
0.002742139372696073
0.004157211999348931
0.026034011272741964
0.00033168271531103244
0.00016046051377260895
0.00013788276767146002
0.0050777372603008075
0.0007562703912489255
7.466144055215049e-09
4.178338720742074e-07
0.005634797076034204
0.005500977540926044
3.36554122191135e-05
1.0170082365601636e-07
0.0029097458895073203
2.628434484716613e-05
0.0009918265314112773
0.026034011272741964
0.00016046051377260895
7.511731470741592e-07
6.599435916708474e-06
0.0016236380829379726
0.008892824137717525
0.0003324784207414666
0.00012665620555152302
7.280183879254665e-05
0.000329158627584647
7.057588933753745e-08
1.378219077131232e-06
4.107527704594327e-05
6.851285872036539e-06
5.375601825709231e-06
0.034565513094889866
0.01840311734619604
0.005500977540926044
0.0034042911960447952
0.01840311734619604
0.002720795082659322
0.0021670626951504346
0.0010213912296350713
0.0050777372603008075
7.280183879254665e-05
4.345008985351395e-05
5.7479481051572745e-06
4.585100721349322e-05
4.413679310277807e-05
0.002742139372696073
6.557322873923521e-05
9.155711992892002e-05
0.0003324784207414666
3.002629150989332e-07
0.00016046051377260895
0.00012665620555152302
0.005500977540926044
0.01918551513617217
0.00023393272464256043
0.00021060343579493157
8.247739657438885e-07
0.0015070588993477685
3.5640279237691974e-05
0.00014659547870787826
0.00016046051377260895
1.0847770233801679e-05
0.0022771902516680598
1.2708304528541436e-05
0.0004921024508224292
0.001569975408829194
1.0279385785833591e-07
0.007928377774049977
0.026034011272741964
0.0022771902516680598
0.00012665620555152302
0.005500977540926044
6.90462881823839e-05
0.0007826047917260937
0.0032835130089630127
0.008892824137717525
0.0010167887900163208
0.005500977540926044
2.3725128255908112e-05
2.4490097197786553e-06
8.281482630961845e-06
0.00038590679203043265
0.01840311734619604
3.8475464398113335e-06
0.0004921024508224292
0.0006950083165699894
3.974511974631431e-07
0.00011719730318704435
0.00013833242408800572
0.0021670626951504346
0.0016387593971050052
9.723889236951111e-06
0.003311296279132847
1.919965690229137e-07
0.0003250783421360204
0.00044188266990285996
0.010896602290031865
0.007585327001976339
0.01840311734619604
0.00010032932185388699
0.0012365440169848085
0.00015219144957945296
6.931025392610871e-09
0.002742139372696073
0.002751980401068721
4.345008985351395e-05
3.558397233133226e-05
0.008892824137717525
5.250727825187318e-06
0.0002624355714124782
0.00013833242408800572
0.005500977540926044
0.000502490972019487
0.0037787344140234325
1.6910591284797355e-06
0.01840311734619604
0.01918551513617217
5.236925593572967e-08
0.000628971428096925
5.418653196776271e-07
0.010896602290031865
0.0004765282491359102
0.003311296279132847
0.0024931946832218443
0.01918551513617217
0.0036713487731425687
0.01918551513617217
3.865139711822785e-05
0.022036398227413656
0.0001428772776455034
6.234070126495683e-06
0.0001178950070986895
0.00012317271487649606
7.203478130024532e-05
0.0007562703912489255
1.0847770233801679e-05
9.044546640368106e-08
0.026034011272741964
5.375601825709231e-06
0.001254286297310614
0.00017228214262976493
0.022036398227413656
8.522476404027035e-05
1.2155457331739774e-08
0.0005403056778607862
0.0002624355714124782
0.0032835130089630127
1.3624827627369907e-08
0.003420250911673861
0.01840311734619604
0.00012444512486298187
0.00013833242408800572
0.004244009634533086
1.785012525748475e-06
6.599435916708474e-06
0.0007258907913545443
3.558397233133226e-05
0.0032909550031128276
0.00012967659627349803
0.0032835130089630127
2.7380987270737844e-07
0.0015070588993477685
0.008892824137717525
0.00020758978800805572
0.0001221418708079458
0.01918551513617217
0.003420250911673861
0.022036398227413656
7.188788547995983e-05
0.005500977540926044
0.005500977540926044
3.558397233133226e-05
0.0003324784207414666
0.0010568296562816215
1.883536821395415e-05
3.974511974631431e-07
8.281482630961845e-06
1.2032578468310073e-05
5.6426825953470594e-05
0.01918551513617217
0.026034011272741964
9.236120643314055e-07
0.0017363127814267187
7.280183879254665e-05
1.316214587700204e-05
0.00037817325463151974
0.00044007676461577105
0.00012665620555152302
0.0032909550031128276
0.00023393272464256043
0.00104375048704064
1.883536821395415e-05
0.0008967577619305445
0.0027759513217517906
0.0007562703912489255
0.010896602290031865
0.01840311734619604
7.578906715594683e-10
1.5660884961132826e-05
0.00012665620555152302
0.005500977540926044
0.0005403056778607862
0.0013250669842381768
0.0050777372603008075
0.00012665620555152302
0.0004332150052692718
0.00039856781028690946
0.00013788276767146002
0.026034011272741964
0.0005403056778607862
6.401628494042588e-11
0.0010568296562816215
8.281482630961845e-06
1.0583358955214284e-06
3.3080791858736136e-06
0.0006382504330275651
0.00044188266990285996
0.01840311734619604
0.01918551513617217
0.00014659547870787826
8.932399054459306e-06
0.0004921024508224292
0.0022771902516680598
7.280183879254665e-05
0.00012665620555152302
0.0003324784207414666
0.003311296279132847
0.026034011272741964
0.0002182075063477118
8.281482630961845e-06
4.082319429485337e-06
7.057588933753745e-08
0.026034011272741964
0.004157211999348931
1.5279987740975803e-06
0.0010167887900163208
5.717744745104003e-05
0.01918551513617217
0.00010783691942872764
0.008892824137717525
5.717744745104003e-05
0.005500977540926044
0.005384159857257487
3.974511974631431e-07
0.00012967659627349803
0.0005403056778607862
1.378219077131232e-06
0.01918551513617217
7.750021575977928e-06
0.008892824137717525
3.445841949049032e-07
0.026034011272741964
3.726582576383955e-08
5.375601825709231e-06
0.0007562703912489255
0.01840311734619604
0.0016236380829379726
7.280183879254665e-05
0.008892824137717525
0.0017363127814267187
0.00010342481059499864
0.005500977540926044
0.0022771902516680598
0.0024543978694069324
0.00012665620555152302
0.0013250669842381768
0.0016798922219614099
0.0024931946832218443
0.00014659547870787826
0.0005403056778607862
0.0008558521831956156
0.001705682468212899
0.01840311734619604
4.082319429485337e-06
1.9739117645051207e-05
0.00015905727999565578
0.0050777372603008075
0.008892824137717525
4.7365075102551515e-07
0.0022771902516680598
0.034565513094889866
5.061437822611063e-08
0.00030019589051732964
0.0003395556499499186
2.4962347223378423e-05
1.785012525748475e-06
3.8475464398113335e-06
0.0010262699424927746
0.00012665620555152302
0.026034011272741964
0.0006122956709537775
0.002742139372696073
0.0007258907913545443
0.00017908339860062128
0.006018344103239315
0.01918551513617217
2.2039972219743686e-06
0.0007258907913545443
0.008892824137717525
0.008892824137717525
0.00044007676461577105
0.0016387593971050052
0.0007258907913545443
0.01840311734619604
1.0401454915293096e-05
7.280183879254665e-05
0.022036398227413656
0.026034011272741964
4.082319429485337e-06
0.005809398859149439
0.0020965673570998433
0.01840311734619604
0.00044188266990285996
0.00012665620555152302
0.0003910994367908316
0.002742139372696073
0.026034011272741964
0.0006122956709537775
0.013929908971817895
0.00013833242408800572
0.000280337978944889
4.585100721349322e-05
4.585100721349322e-05
0.00039856781028690946
5.791309348465898e-11
1.0274761964676471e-05
0.000502490972019487
0.0022771902516680598
9.286301666000529e-05
0.00019489690728202724
0.008892824137717525
0.00016046051377260895
0.01918551513617217
4.285832794480868e-08
0.0022771902516680598
4.7365075102551515e-07
4.1297813905105674e-05
0.005500977540926044
1.7419171309374093e-05
0.0029097458895073203
0.0013250669842381768
2.0919537572799962e-05
2.2910091746347616e-05
0.0003437525778040573
7.280183879254665e-05
0.022036398227413656
3.0012865829751045e-09
0.008892824137717525
0.005500977540926044
0.0006950083165699894
0.002907403853171786
0.00012665620555152302
0.026034011272741964
0.0013905375372615936
0.0016236380829379726
0.000628971428096925
0.00012665620555152302
0.00010924707099968511
0.010896602290031865
0.0005656251149179781
0.00035512671728232803
0.0010325137332163337
0.005500977540926044
0.002792684658096789
5.375601825709231e-06
5.6426825953470594e-05
3.782572934557353e-07
0.01840311734619604
0.001498716824354318
0.00023393272464256043
0.0032835130089630127
3.4362259049951216e-06
5.375601825709231e-06
0.01840311734619604
9.515281360575334e-06
0.01918551513617217
7.280183879254665e-05
0.0007258907913545443
0.007585327001976339
0.00023393272464256043
0.00012665620555152302
0.0006382504330275651
0.01840311734619604
0.01918551513617217
0.0013250669842381768
5.27581613807282e-05
0.00013833242408800572
0.01918551513617217
8.050774467605049e-05
3.911784552299534e-07
0.010896602290031865
0.01840311734619604
5.87030054574611e-06
0.005500977540926044
2.6896088355821135e-05
2.2204493955110816e-06
0.01918551513617217
4.585100721349322e-05
0.005500977540926044
0.01918551513617217
4.345008985351395e-05
3.01388897680846e-06
0.00017183264295517198
1.1415763570846171e-05
0.0002624355714124782
0.00020794333402340826
6.599435916708474e-06
3.865139711822785e-05
0.005500977540926044
2.0612094107558265e-05
1.7477290986445126e-05
0.01840311734619604
0.003274499396777486
0.002751980401068721
7.280183879254665e-05
0.005809398859149439
5.6426825953470594e-05
0.0025689680009470806
2.321702451738017e-05
0.01918551513617217
6.22100954229543e-05
0.005500977540926044
2.3305876797712066e-06
0.01840311734619604
6.557322873923521e-05
0.0007966606186453618
8.281482630961845e-06
0.026034011272741964
0.005500977540926044
0.0002182075063477118
6.164900673066853e-05
0.00027076244929791216
0.00012665620555152302
3.0347268655320225e-07
5.448859445832122e-07
1.90262180647105e-05
0.01840311734619604
0.022036398227413656
2.184332287083479e-05
0.005500977540926044
0.00011716917395232507
0.00116469323416446
1.5474239265975652e-07
1.883536821395415e-05
8.765429960937501e-07
9.136628557069107e-08
7.280183879254665e-05
0.004244009634533086
7.782421722482905e-07
0.000149163830580612
0.0007258907913545443
8.050774467605049e-05
0.0011398195261023147
1.425733755217387e-06
4.082319429485337e-06
0.0007562703912489255
4.7365075102551515e-07
4.838753483227265e-06
2.6729490066670913e-06
0.0004921024508224292
1.883536821395415e-05
0.00012665620555152302
0.0005403056778607862
0.0050777372603008075
0.008892824137717525
4.092061633365063e-05
2.628434484716613e-05
1.1208708804403292e-09
0.005500977540926044
0.00020794333402340826
0.0034042911960447952
0.00044188266990285996
0.005500977540926044
1.7920462716167727e-07
3.822738673636694e-05
0.005500977540926044
0.00012163006657939235
6.71151971827098e-08
0.00014659547870787826
5.55520073725484e-11
0.022036398227413656
0.0001653275519011288
0.00013833242408800572
0.00012665620555152302
0.0024543978694069324
0.0007258907913545443
0.0004921024508224292
5.8826782390122845e-06
0.00039856781028690946
1.883536821395415e-05
0.00011703347524194552
1.1878770055724804e-07
0.00047325282160004534
1.2032578468310073e-05
1.447292885916815e-06
0.008892824137717525
6.80080718466064e-06
2.0644616765923274e-06
0.0010262699424927746
5.27581613807282e-05
0.026034011272741964
7.750021575977928e-06
3.558397233133226e-05
0.00014659547870787826
0.005500977540926044
0.00012665620555152302
5.6426825953470594e-05
0.004250959841613167
1.1122758685894185e-06
0.0001385669521927202
0.01918551513617217
5.6426825953470594e-05
0.01840311734619604
2.0142312869323668e-08
0.022036398227413656
0.008892824137717525
0.00013833242408800572
0.022036398227413656
4.345008985351395e-05
0.00037817325463151974
0.034565513094889866
0.000502490972019487
0.00012665620555152302
0.0050777372603008075
0.01918551513617217
0.0007258907913545443
0.00011661129863382858
9.393965438447838e-06
0.00012665620555152302
0.01840311734619604
3.558397233133226e-05
1.8669142274677086e-06
0.00012665620555152302
9.316012805987706e-06
2.4490097197786553e-06
0.026034011272741964
0.0003797839397114977
0.022036398227413656
0.01918551513617217
9.577485484395937e-07
5.6426825953470594e-05
0.0025689680009470806
0.0013250669842381768
0.00044188266990285996
0.002907403853171786
9.316012805987706e-06
0.0021670626951504346
3.558397233133226e-05
0.0013905375372615936
8.522476404027035e-05
4.6946466377706386e-05
0.0007562703912489255
0.01918551513617217
9.577485484395937e-07
0.00012444512486298187
3.558397233133226e-05
2.7354318537023414e-07
4.797714944710166e-07
0.0003395556499499186
1.070619148018162e-06
2.0612094107558265e-05
0.0010213912296350713
7.511731470741592e-07
8.522476404027035e-05
0.0013905375372615936
0.01918551513617217
0.0007258907913545443
0.00013813962707498462
1.653232870849064e-05
0.001569975408829194
0.01840311734619604
6.22100954229543e-05
2.1424318112986396e-07
0.01840311734619604
0.0013287298441397866
0.01918551513617217
0.0005403056778607862
0.0003910994367908316
0.008892824137717525
4.345008985351395e-05
0.00014698972084636885
0.0005358013768379521
0.0008967577619305445
0.0007562703912489255
0.01918551513617217
0.013929908971817895
0.0001178950070986895
1.0533430987308412e-05
0.0014869856445702823
0.01918551513617217
0.00017348947954354266
0.005500977540926044
0.00016046051377260895
3.3148601438805214e-06
0.0002624355714124782
0.0007258907913545443
0.0013287298441397866
0.0025689680009470806
4.7365075102551515e-07
0.0021200562338350437
0.0007258907913545443
0.01918551513617217
4.413679310277807e-05
0.005500977540926044
0.0001454210831219882
8.352594709937211e-06
0.00039856781028690946
0.034565513094889866
0.0010325137332163337
4.7365075102551515e-07
0.008892824137717525
0.0007562703912489255
0.0007258907913545443
0.005500977540926044
0.005500977540926044
8.757417448629345e-06
0.005500977540926044
4.082319429485337e-06
2.970753244918578e-05
0.01840311734619604
0.0037787344140234325
0.0014869856445702823
0.01840311734619604
0.00018249742124520907
0.0024543978694069324
0.01918551513617217
0.01918551513617217
7.128600570249777e-05
0.00044007676461577105
0.0007258907913545443
0.0020965673570998433
0.01840311734619604
0.022036398227413656
0.01918551513617217
0.00024623449234795203
2.0644616765923274e-06
0.010896602290031865
8.992012525466109e-06
6.80080718466064e-06
0.0013287298441397866
0.034565513094889866
9.577485484395937e-07
0.002907403853171786
0.01918551513617217
0.022036398227413656
0.00012665620555152302
0.0003102936039307558
0.0032835130089630127
0.0016236380829379726
0.01840311734619604
0.0006950083165699894
0.01918551513617217
0.0006950083165699894
0.0002624355714124782
0.0013905375372615936
0.004946017567363015
0.0002182075063477118
0.001843152275718296
0.00013833242408800572
0.005500977540926044
0.0005551030149089087
0.005500977540926044
0.00011661129863382858
0.0006382504330275651
1.0533430987308412e-05
0.00012082169226557138
4.7365075102551515e-07
0.008892824137717525
