0.14902162551879883
3.2890457077883184e-06
0.014270216226577759
0.14902162551879883
0.010023355484008789
0.00016069132834672928
0.14902162551879883
0.14902162551879883
0.14902162551879883
0.0018579661846160889
6.823497824370861e-05
1.7247977666556835e-05
0.0015626251697540283
0.00029547419399023056
7.233349606394768e-05
0.04831111431121826
0.04831111431121826
0.011183679103851318
0.14902162551879883
3.3901073038578033e-05
0.0011415258049964905
0.005488604307174683
0.14902162551879883
0.0003098919987678528
0.00131230428814888
0.0007354747503995895
0.001754671335220337
0.14902162551879883
0.0010383836925029755
0.002174198627471924
9.99700278043747e-05
0.04831111431121826
0.0036033987998962402
0.0001175182405859232
0.014270216226577759
0.00047553982585668564
0.00032540876418352127
0.14902162551879883
0.001653924584388733
2.338975900784135e-05
0.14902162551879883
9.81474295258522e-05
0.14902162551879883
3.80311394110322e-05
0.14902162551879883
0.014270216226577759
6.589246913790703e-05
0.009667038917541504
0.14902162551879883
0.0036331117153167725
0.009306013584136963
0.001745462417602539
0.012102186679840088
0.04831111431121826
0.011183679103851318
0.006727620959281921
0.0006539300084114075
0.00039265304803848267
0.14902162551879883
0.009306013584136963
0.00027704983949661255
0.009403705596923828
0.0033558011054992676
0.14902162551879883
0.0032471269369125366
0.009403705596923828
0.00019668973982334137
0.14902162551879883
0.004714801907539368
0.00030475296080112457
0.00015532877296209335
6.047979695722461e-06
0.005478367209434509
0.006727620959281921
0.014270216226577759
0.00010042311623692513
0.012102186679840088
0.0121535062789917
0.14902162551879883
0.012102186679840088
0.001570526510477066
0.007748007774353027
4.625122528523207e-05
8.124334271997213e-07
0.001531347632408142
9.056413546204567e-05
0.0001588938757777214
0.003610670566558838
0.00030652061104774475
0.14902162551879883
0.00045598670840263367
0.004149958491325378
7.681199349462986e-06
0.0006539300084114075
0.14902162551879883
0.007748007774353027
0.00035861600190401077
0.004974812269210815
0.0001540142111480236
0.014270216226577759
0.00026598013937473297
0.0007821302860975266
0.0021903589367866516
0.004149958491325378
8.078338578343391e-05
9.329989552497864e-06
0.0037198737263679504
0.007093578577041626
1.643336145207286e-05
0.0003105802461504936
0.14902162551879883
0.00040244776755571365
0.0021903589367866516
2.3398897610604763e-05
0.04831111431121826
6.136397132650018e-06
0.0025464892387390137
0.00017796223983168602
0.014270216226577759
0.0001268289051949978
8.507026359438896e-05
0.0018678344786167145
0.005488604307174683
0.14902162551879883
0.14902162551879883
0.010023355484008789
0.0038682669401168823
0.0008901115506887436
0.04831111431121826
0.009667038917541504
0.001130867749452591
0.14902162551879883
0.00242498517036438
8.096755482256413e-05
0.14902162551879883
0.0056252628564834595
0.001653924584388733
0.014270216226577759
0.0001657712273299694
0.003864772617816925
0.0008920244872570038
1.5426368918269873e-05
0.14902162551879883
0.001855507493019104
0.0066999346017837524
0.04831111431121826
0.002272211015224457
0.14902162551879883
2.5961431674659252e-05
6.177066825330257e-05
0.14902162551879883
5.5874581448733807e-05
1.6823410987854004e-05
0.010023355484008789
0.0001566912978887558
0.007748007774353027
0.0007078945636749268
0.004634052515029907
0.0001026445534080267
2.3143889848142862e-05
0.00019460543990135193
0.0121535062789917
0.14902162551879883
0.14902162551879883
0.0009365249425172806
0.0001002924982458353
0.012102186679840088
0.14902162551879883
9.134598076343536e-05
2.2633292246609926e-05
0.14902162551879883
0.0036033987998962402
0.0014446042478084564
0.00014448398724198341
7.106107659637928e-05
0.00043461285531520844
0.001754671335220337
0.14902162551879883
3.0243070796132088e-05
0.0039844512939453125
0.0003557242453098297
0.002978608012199402
0.00020724255591630936
0.014270216226577759
0.14902162551879883
0.14902162551879883
0.14902162551879883
0.0035623162984848022
0.0002730153501033783
0.14902162551879883
0.009667038917541504
0.14902162551879883
0.14902162551879883
0.14902162551879883
0.005642294883728027
0.0018972791731357574
0.14902162551879883
9.83149220701307e-07
4.210381302982569e-05
0.00019668973982334137
0.00028405897319316864
0.14902162551879883
0.14902162551879883
0.14902162551879883
0.14902162551879883
0.0004952084273099899
0.14902162551879883
0.0032483264803886414
0.0013298019766807556
0.001570526510477066
0.04831111431121826
2.6445341063663363e-06
0.0018678344786167145
1.6823410987854004e-05
0.04831111431121826
7.394672138616443e-06
2.107626642100513e-06
0.0011290311813354492
0.014270216226577759
0.0010048635303974152
0.14902162551879883
0.14902162551879883
0.014270216226577759
0.0015517659485340118
0.04831111431121826
0.005488604307174683
0.14902162551879883
0.14902162551879883
0.14902162551879883
0.00041613541543483734
0.004714801907539368
0.001684039831161499
0.0010048635303974152
6.530899554491043e-05
0.0006832946091890335
0.04831111431121826
0.14902162551879883
0.00032495521008968353
0.0003639478236436844
8.91850795596838e-05
0.004150256514549255
0.0011763796210289001
0.14902162551879883
0.0001802481710910797
0.009306013584136963
2.075103111565113e-05
0.0007378663867712021
3.917503636330366e-05
0.04831111431121826
0.014270216226577759
0.14902162551879883
0.0010598301887512207
0.0037198737263679504
0.0005507078021764755
0.009403705596923828
9.574490832164884e-06
0.04831111431121826
0.00011825584806501865
0.0014195851981639862
0.009403705596923828
0.0018579661846160889
0.14902162551879883
0.0010418258607387543
2.528149707359262e-07
0.0036033987998962402
0.007093578577041626
0.00041935499757528305
0.0035623162984848022
0.0021903589367866516
0.00045224372297525406
0.14902162551879883
2.4962995667010546e-05
0.005642294883728027
0.14902162551879883
0.001855507493019104
0.14902162551879883
0.14902162551879883
0.0003746896982192993
0.14902162551879883
0.04831111431121826
0.01017308235168457
0.004590854048728943
0.14902162551879883
0.0036331117153167725
0.003304131329059601
8.287513628602028e-05
0.005488604307174683
0.000958392396569252
0.004149958491325378
0.14902162551879883
0.14902162551879883
0.0021306946873664856
0.003910496830940247
0.14902162551879883
0.000400482676923275
0.0013298019766807556
0.0035623162984848022
0.00014448398724198341
0.012102186679840088
0.0008593183010816574
0.000250035896897316
0.01017308235168457
6.332318298518658e-05
0.14902162551879883
0.0007921252399682999
3.322749398648739e-05
0.00018646055832505226
0.005488604307174683
0.04831111431121826
0.010023355484008789
0.14902162551879883
0.001653924584388733
0.002272211015224457
0.009306013584136963
0.0066999346017837524
0.04831111431121826
0.01017308235168457
0.00029902346432209015
0.0019924193620681763
0.00047638360410928726
1.4787401596549898e-06
0.14902162551879883
0.007093578577041626
0.04831111431121826
0.14902162551879883
0.14902162551879883
0.007748007774353027
0.014270216226577759
0.0015626251697540283
0.14902162551879883
0.04831111431121826
0.0019661039113998413
0.04831111431121826
0.14902162551879883
0.0017793849110603333
0.009306013584136963
8.330168202519417e-05
0.0003304872661828995
0.0007078945636749268
1.7821112123783678e-06
0.003304131329059601
0.14902162551879883
0.006727620959281921
0.007046222686767578
0.00031568296253681183
0.00047061964869499207
0.00017559481784701347
0.005488604307174683
0.0004370110109448433
0.04831111431121826
0.04831111431121826
0.00013617007061839104
0.04831111431121826
0.14902162551879883
4.348624497652054e-05
0.0003639478236436844
0.0004066638648509979
1.5762343537062407e-06
0.00042875856161117554
0.0017137601971626282
0.04831111431121826
0.0017793849110603333
0.014270216226577759
0.0005156565457582474
0.004590854048728943
1.2997828889638186e-05
0.14902162551879883
0.14902162551879883
0.14902162551879883
0.00032304879277944565
9.553506970405579e-05
0.14902162551879883
6.388593465089798e-05
0.0001092781312763691
4.002929199486971e-05
0.14902162551879883
0.001531347632408142
0.014270216226577759
0.00012272130697965622
0.14902162551879883
0.00011987495236098766
0.14902162551879883
4.869085387326777e-06
0.0009672604501247406
0.04831111431121826
0.00044752657413482666
0.003304131329059601
0.014270216226577759
0.14902162551879883
0.04831111431121826
0.14902162551879883
0.00026598013937473297
0.0036033987998962402
0.0006229188293218613
0.0017096064984798431
0.0002722153440117836
6.518256850540638e-05
0.14902162551879883
0.00242498517036438
0.0007865484803915024
5.471520125865936e-06
6.48382119834423e-05
0.0008901115506887436
0.007093578577041626
0.009403705596923828
0.14902162551879883
0.04831111431121826
0.0001909146085381508
0.00047061964869499207
0.0005742106586694717
0.04831111431121826
0.009403705596923828
0.0003520427271723747
0.04831111431121826
4.7868816182017326e-05
0.14902162551879883
0.14902162551879883
4.47956845164299e-05
0.04831111431121826
1.9742758013308048e-05
8.510402403771877e-05
0.14902162551879883
0.0008270125836133957
0.001525048166513443
0.04831111431121826
0.005642294883728027
0.0002552410587668419
0.14902162551879883
2.7126632630825043e-05
0.0005784910172224045
0.14902162551879883
0.14902162551879883
0.04831111431121826
0.0032471269369125366
0.00028721150010824203
0.0007399134337902069
0.14902162551879883
0.14902162551879883
0.0006341543048620224
1.7336278688162565e-05
0.0003453018143773079
0.0056252628564834595
0.0002346523106098175
0.0037198737263679504
5.39382454007864e-05
0.014270216226577759
0.00013558845967054367
0.00014041690155863762
0.000520976260304451
0.000965336337685585
0.009403705596923828
0.009667038917541504
1.4547404134646058e-05
0.14902162551879883
0.00032037030905485153
0.14902162551879883
9.056413546204567e-05
0.002667255699634552
0.009403705596923828
0.14902162551879883
0.04831111431121826
0.14902162551879883
0.0006117001175880432
0.004590854048728943
0.0002599777653813362
0.0017096064984798431
0.14902162551879883
3.2224575988948345e-05
0.14902162551879883
0.0001382799819111824
0.00026937760412693024
0.0004223529249429703
3.9477599784731865e-05
0.04831111431121826
0.0009954869747161865
0.009306013584136963
0.010023355484008789
0.14902162551879883
0.0009427666664123535
0.000628989189863205
0.014270216226577759
0.14902162551879883
0.002272211015224457
0.14902162551879883
0.014270216226577759
0.001763608306646347
0.00030452851206064224
0.14902162551879883
0.00020656920969486237
0.00023714127019047737
0.00021146610379219055
0.0019661039113998413
0.04831111431121826
0.14902162551879883
0.04831111431121826
0.14902162551879883
0.00030452851206064224
5.8209989219903946e-05
0.14902162551879883
5.5040232837200165e-05
5.6160963140428066e-05
0.001855507493019104
0.005478367209434509
0.14902162551879883
0.14902162551879883
0.014270216226577759
0.00025245826691389084
0.011183679103851318
0.009667038917541504
0.0021074116230010986
0.14902162551879883
0.0005027633160352707
0.04831111431121826
0.001855507493019104
3.9375387132167816e-05
0.0018579661846160889
0.00035071931779384613
0.04831111431121826
0.012102186679840088
1.5103461919352412e-05
0.00024138158187270164
0.009403705596923828
0.000910470262169838
0.00045708753168582916
3.4523545764386654e-05
0.014270216226577759
0.0005575288087129593
0.0066999346017837524
6.740912795066833e-05
0.14902162551879883
0.014270216226577759
0.00043865013867616653
0.0007399134337902069
0.00015040487051010132
5.996832624077797e-05
0.04831111431121826
0.0029530897736549377
0.0005127303302288055
8.72189411893487e-06
0.00013220077380537987
0.003910496830940247
0.0005180016160011292
0.003864772617816925
6.0680555179715157e-05
0.00010691420175135136
0.0032483264803886414
0.005478367209434509
0.0019093677401542664
0.004590854048728943
0.005642294883728027
0.0011763796210289001
2.768071135506034e-05
0.0006739813834428787
0.14902162551879883
0.0012917183339595795
0.003864772617816925
0.00011895457282662392
0.04831111431121826
9.71697736531496e-05
0.0005939211696386337
0.0013298019766807556
0.0001909146085381508
0.04831111431121826
0.0007905662059783936
0.010023355484008789
0.000497056171298027
0.009306013584136963
0.14902162551879883
0.014270216226577759
0.008077949285507202
2.1293468307703733e-05
0.14902162551879883
0.0016327500343322754
0.010023355484008789
0.14902162551879883
0.0010418258607387543
0.14902162551879883
0.014270216226577759
0.002416647970676422
0.0011290311813354492
0.0005784910172224045
0.012102186679840088
0.005488604307174683
0.004046782851219177
0.00016568927094340324
0.009667038917541504
0.002174198627471924
0.00010485108941793442
0.005488604307174683
0.14902162551879883
0.009667038917541504
0.0008824951946735382
0.000258471816778183
5.1937997341156006e-05
0.14902162551879883
0.00023762090131640434
3.393040969967842e-05
0.0003536604344844818
0.0005036089569330215
0.010023355484008789
0.003864772617816925
5.526142194867134e-05
0.014270216226577759
0.001653924584388733
0.0005059968680143356
0.00022833188995718956
3.29006155652678e-09
0.003610670566558838
0.0019924193620681763
0.0021074116230010986
0.001855507493019104
0.14902162551879883
0.14902162551879883
0.004590854048728943
0.0035623162984848022
0.0005180016160011292
5.737494211643934e-05
4.209345206618309e-06
0.014270216226577759
0.000424032099545002
0.0005188193172216415
0.14902162551879883
0.014270216226577759
0.14902162551879883
2.8221402317285538e-05
3.384309366083471e-08
0.14902162551879883
0.0006083771586418152
0.04831111431121826
6.686430424451828e-05
0.04831111431121826
0.0005939211696386337
0.00016387365758419037
6.445465260185301e-06
0.0019661039113998413
0.00024171127006411552
1.247742329724133e-05
0.14902162551879883
0.011183679103851318
0.0121535062789917
0.0036331117153167725
0.009403705596923828
0.14902162551879883
0.0007382314652204514
0.004974812269210815
0.0032506361603736877
0.0009541027247905731
2.616905840113759e-05
0.00015151966363191605
0.14902162551879883
0.009667038917541504
0.14902162551879883
0.14902162551879883
0.0007638521492481232
0.14902162551879883
0.014270216226577759
0.14902162551879883
0.14902162551879883
0.04831111431121826
0.0020102113485336304
6.121676415205002e-05
0.009403705596923828
0.014270216226577759
0.0008797068148851395
0.005488604307174683
0.009306013584136963
0.009403705596923828
0.005478367209434509
5.851592868566513e-05
0.14902162551879883
5.761641659773886e-06
4.99567249789834e-06
0.14902162551879883
3.397499676793814e-05
0.0006421208381652832
0.0005069393664598465
0.14902162551879883
0.14902162551879883
0.000993870198726654
0.04831111431121826
0.0036033987998962402
0.00013576727360486984
0.04831111431121826
0.0005768556147813797
0.0020102113485336304
0.0018579661846160889
0.002667255699634552
0.00045708753168582916
0.0006608311086893082
5.629655788652599e-06
0.14902162551879883
0.14902162551879883
0.00028721150010824203
0.002272211015224457
0.0019661039113998413
0.0121535062789917
0.0032483264803886414
5.64217334613204e-05
0.14902162551879883
0.14902162551879883
0.14902162551879883
0.010023355484008789
0.0009954869747161865
0.00028686877340078354
0.14902162551879883
0.0021074116230010986
2.043007407337427e-05
0.003910496830940247
0.0011530257761478424
0.14902162551879883
5.24069182574749e-05
0.008077949285507202
0.14902162551879883
0.0036033987998962402
0.002667255699634552
1.2144504580646753e-05
0.004141718149185181
0.012102186679840088
0.00010065012611448765
0.14902162551879883
2.7674614102579653e-06
0.14902162551879883
0.04831111431121826
3.2779553293948993e-07
0.0001683821901679039
0.004714801907539368
0.04831111431121826
0.0010048635303974152
2.6003923267126083e-05
0.000520976260304451
0.001653924584388733
2.5408880901522934e-06
2.0085368305444717e-05
0.0016132816672325134
0.14902162551879883
0.14902162551879883
0.00016361894086003304
0.00025245826691389084
0.002978608012199402
0.004974812269210815
0.012102186679840088
0.04831111431121826
0.014270216226577759
0.14902162551879883
0.14902162551879883
0.14902162551879883
4.14322130382061e-05
0.012102186679840088
0.006727620959281921
9.334739297628403e-05
9.888387285172939e-05
4.2576721170917153e-07
0.01017308235168457
0.00015144096687436104
0.00030452851206064224
0.0036033987998962402
0.0004948936402797699
0.00012984033674001694
0.14902162551879883
4.097830969840288e-05
0.001653924584388733
7.08666630089283e-05
0.0009651165455579758
2.875173231586814e-05
0.0032506361603736877
0.14902162551879883
0.0001098110806196928
0.14902162551879883
0.0006130561232566833
0.014270216226577759
0.0007549431174993515
0.00016539357602596283
0.00021352246403694153
0.0026092529296875
0.14902162551879883
7.645622827112675e-05
0.00020687328651547432
0.14902162551879883
0.14902162551879883
0.0010709837079048157
0.004974812269210815
0.000746624544262886
0.0006832946091890335
0.0039844512939453125
0.00013617007061839104
0.0036331117153167725
0.0004377765581011772
0.005478367209434509
0.0010418258607387543
0.0008334442973136902
1.733854878693819e-05
1.0836010915227234e-06
0.14902162551879883
0.14902162551879883
0.004590854048728943
0.0001467512920498848
6.325263530015945e-05
0.14902162551879883
5.175861588213593e-07
0.0020102113485336304
0.14902162551879883
0.00016069132834672928
1.630547922104597e-05
6.191257853060961e-06
0.14902162551879883
0.0011415258049964905
0.005642294883728027
0.14902162551879883
0.0007527284324169159
0.14902162551879883
0.04831111431121826
5.403286195360124e-06
0.14902162551879883
3.3578136935830116e-05
0.0014446042478084564
0.006727620959281921
0.014270216226577759
0.14902162551879883
0.0007589012384414673
0.0007348246872425079
0.005642294883728027
0.00031568296253681183
0.0027452856302261353
0.04831111431121826
9.186170063912868e-05
0.04831111431121826
0.009667038917541504
0.14902162551879883
0.00027200300246477127
0.002667255699634552
0.000738753005862236
0.00131230428814888
0.0018579661846160889
0.0036033987998962402
0.011183679103851318
0.14902162551879883
0.009306013584136963
0.005642294883728027
0.0020019859075546265
0.0008019506931304932
0.0002633156254887581
0.0008019506931304932
0.0004013003781437874
0.14902162551879883
0.000910470262169838
0.007093578577041626
0.004141718149185181
0.14902162551879883
0.14902162551879883
0.0007129721343517303
0.0005180016160011292
0.009667038917541504
1.9027444068342447e-05
0.009667038917541504
8.096755482256413e-05
0.0007129721343517303
0.002272211015224457
3.5563018172979355e-05
0.007748007774353027
0.008077949285507202
0.0029530897736549377
0.00027704983949661255
0.001745462417602539
0.00041935499757528305
0.0010418258607387543
0.0032483264803886414
0.14902162551879883
0.0039844512939453125
0.14902162551879883
0.00026598013937473297
0.004141718149185181
0.01017308235168457
0.00032037030905485153
0.00015910249203443527
0.003610670566558838
0.014270216226577759
0.004634052515029907
0.0013276077806949615
5.326594691723585e-05
1.1385505786165595e-05
0.009403705596923828
0.004634052515029907
0.0020019859075546265
0.0029530897736549377
0.14902162551879883
2.5806657504290342e-06
0.0016476288437843323
0.14902162551879883
0.004714801907539368
0.0032471269369125366
0.14902162551879883
0.011183679103851318
0.0005939211696386337
0.0027664005756378174
0.04831111431121826
0.009403705596923828
0.04831111431121826
0.14902162551879883
0.04831111431121826
0.00016000168398022652
0.014270216226577759
0.0013298019766807556
0.0021835938096046448
0.003304131329059601
0.00026937760412693024
0.008077949285507202
2.6215449906885624e-05
0.0005030613392591476
3.358256071805954e-05
0.0018579661846160889
0.04831111431121826
0.00010074605233967304
0.0006739813834428787
9.42527549341321e-07
0.14902162551879883
0.00011377851478755474
0.14902162551879883
0.00029902346432209015
0.04831111431121826
0.0021903589367866516
0.011183679103851318
0.0033558011054992676
0.0121535062789917
0.002416647970676422
0.01017308235168457
0.0010002478957176208
0.14902162551879883
0.0021306946873664856
0.004149958491325378
0.04831111431121826
0.0001363898627460003
8.529680781066418e-05
0.0008467212319374084
0.14902162551879883
0.0033558011054992676
0.012102186679840088
0.0005143061280250549
0.00024396879598498344
0.004590854048728943
0.04831111431121826
4.610081668943167e-05
0.002174198627471924
0.0010709837079048157
0.0004882961511611938
0.00022833188995718956
0.00012785755097866058
0.004141718149185181
0.0007762089371681213
0.14902162551879883
0.004141718149185181
0.004974812269210815
0.14902162551879883
0.04831111431121826
0.0018579661846160889
0.14902162551879883
2.358763595111668e-06
0.0066999346017837524
0.014270216226577759
1.0844727512449026e-05
1.1033739610866178e-07
0.00043479911983013153
0.010023355484008789
0.000855620950460434
0.006727620959281921
0.00030652061104774475
0.0005127303302288055
0.0005939211696386337
0.14902162551879883
0.004634052515029907
0.0036331117153167725
0.14902162551879883
0.007046222686767578
0.0007531177252531052
0.014270216226577759
0.0011832863092422485
0.14902162551879883
0.14902162551879883
0.14902162551879883
0.0014446042478084564
0.014270216226577759
0.009403705596923828
0.014270216226577759
0.007046222686767578
0.012102186679840088
0.0017137601971626282
0.14902162551879883
0.14902162551879883
0.14902162551879883
0.0039844512939453125
0.0121535062789917
9.594974108040333e-05
2.5455141440033913e-05
4.520377842709422e-06
0.00047553982585668564
0.009667038917541504
0.009403705596923828
0.0006164349615573883
0.14902162551879883
0.011183679103851318
0.14902162551879883
0.14902162551879883
0.0020102113485336304
0.003910496830940247
0.04831111431121826
0.14902162551879883
0.04831111431121826
0.0032506361603736877
0.00013990048319101334
0.14902162551879883
0.006041228771209717
0.00043479911983013153
7.696624379605055e-06
0.0056252628564834595
0.14902162551879883
0.14902162551879883
0.0032506361603736877
0.010023355484008789
0.14902162551879883
0.0008131880313158035
0.004141718149185181
2.4123641196638346e-05
0.14902162551879883
0.006041228771209717
3.3260672353208065e-05
0.003304131329059601
0.0015517659485340118
9.757757652550936e-06
0.0021074116230010986
0.0005975086241960526
0.14902162551879883
0.14902162551879883
0.004714801907539368
0.00015113549306988716
0.04831111431121826
0.04831111431121826
0.04831111431121826
0.14902162551879883
0.0012382939457893372
0.14902162551879883
0.0038682669401168823
0.014270216226577759
0.0006767492741346359
0.01017308235168457
0.004714801907539368
0.0008372608572244644
0.0021903589367866516
0.00030402280390262604
9.908719221130013e-06
0.0010002478957176208
0.04831111431121826
0.00032037030905485153
0.14902162551879883
7.067195838317275e-06
0.00025012530386447906
0.0020102113485336304
0.000856572762131691
0.14902162551879883
0.0002655843272805214
0.00015738792717456818
0.014270216226577759
0.0021074116230010986
0.14902162551879883
0.0004023546352982521
0.002284303307533264
0.00033592525869607925
0.007748007774353027
0.14902162551879883
0.0002655843272805214
0.14902162551879883
0.14902162551879883
0.14902162551879883
0.002284303307533264
0.14902162551879883
0.14902162551879883
0.00044752657413482666
0.007093578577041626
0.04831111431121826
0.0066999346017837524
0.0010598301887512207
0.00041971076279878616
0.0010015293955802917
0.00023766420781612396
0.004141718149185181
0.000250035896897316
0.0004702135920524597
9.6363655757159e-06
0.00014306791126728058
0.14902162551879883
5.851592868566513e-05
3.487635694909841e-06
7.01351382303983e-06
0.0029530897736549377
0.14902162551879883
0.0026092529296875
0.003910496830940247
0.001745462417602539
0.0004780357703566551
0.009403705596923828
0.009403705596923828
0.0018579661846160889
0.001754671335220337
0.0002818619832396507
8.523697033524513e-06
0.0011290311813354492
6.274995394051075e-05
0.014270216226577759
0.14902162551879883
0.004634052515029907
0.04831111431121826
0.04831111431121826
0.14902162551879883
0.14902162551879883
0.009403705596923828
0.00014957785606384277
0.004141718149185181
0.00016638683155179024
0.00030402280390262604
0.0002655843272805214
0.014270216226577759
0.0001098110806196928
0.14902162551879883
0.0004515917971730232
0.00038032978773117065
0.0005180016160011292
0.0008372608572244644
3.648892743512988e-06
0.04831111431121826
0.14902162551879883
0.002667255699634552
0.14902162551879883
7.964204996824265e-06
6.795302033424377e-05
0.004634052515029907
0.00024672970175743103
0.009306013584136963
0.00043865013867616653
0.0004882803186774254
0.14902162551879883
0.0036033987998962402
0.14902162551879883
0.0005533508956432343
0.00013254163786768913
0.000993870198726654
0.00016387365758419037
0.00017798831686377525
0.0008907616138458252
0.011183679103851318
0.0038682669401168823
0.004974812269210815
0.0066999346017837524
3.6369674489833415e-06
0.0011290311813354492
4.643690772354603e-05
0.0029530897736549377
0.0004882803186774254
0.00021742330864071846
0.00031942594796419144
0.011183679103851318
0.0021306946873664856
0.009306013584136963
0.007748007774353027
0.0009954869747161865
0.0004515917971730232
6.289291195571423e-05
4.1938910726457834e-06
0.0010048635303974152
0.14902162551879883
0.00014237593859434128
0.14902162551879883
2.233449777122587e-06
0.014270216226577759
0.04831111431121826
0.012102186679840088
0.00439433753490448
5.880938260816038e-06
0.00044463761150836945
0.00011468795128166676
0.0009651165455579758
0.14902162551879883
6.57190103083849e-05
0.14902162551879883
0.0005916133522987366
5.256908480077982e-05
0.004141718149185181
0.014270216226577759
0.0036033987998962402
0.0039844512939453125
0.0013992004096508026
6.1142782215029e-06
0.007748007774353027
0.001130867749452591
0.014270216226577759
0.00017864443361759186
0.14902162551879883
0.00032540876418352127
0.009403705596923828
0.0005916133522987366
0.001745462417602539
0.0035623162984848022
0.04831111431121826
6.098079029470682e-05
0.0005016084760427475
0.00018646055832505226
0.0005784910172224045
0.04831111431121826
0.0019661039113998413
0.005478367209434509
0.0002368241548538208
0.002315610647201538
5.072855856269598e-05
0.00016424059867858887
0.01017308235168457
0.007093578577041626
0.0002137487754225731
0.0011530257761478424
0.0002598678693175316
0.04831111431121826
0.002272211015224457
0.004149958491325378
7.859431207180023e-06
0.04831111431121826
0.14902162551879883
0.0016132816672325134
0.004141718149185181
0.00033344700932502747
0.0020019859075546265
0.14902162551879883
0.00047638360410928726
0.0017096064984798431
8.189142681658268e-05
0.0018579661846160889
0.009667038917541504
1.8712482415139675e-05
0.0016132816672325134
0.005642294883728027
0.0066999346017837524
0.14902162551879883
0.014270216226577759
0.009667038917541504
0.04831111431121826
0.14902162551879883
2.5882472982630134e-06
0.014270216226577759
2.5428947992622852e-05
0.009667038917541504
0.14902162551879883
0.007093578577041626
0.005488604307174683
0.00013558845967054367
4.918442573398352e-05
2.306551323272288e-06
0.0032506361603736877
0.0001657712273299694
2.0502309780567884e-05
0.0013298019766807556
0.0003582984209060669
1.351040555164218e-05
0.14902162551879883
0.007093578577041626
0.00010919803753495216
0.014270216226577759
0.0121535062789917
0.008077949285507202
0.009306013584136963
2.174009568989277e-05
0.000659475103020668
0.0001733941026031971
0.009306013584136963
0.00014447420835494995
0.001684039831161499
1.6116537153720856e-05
0.0017137601971626282
0.0033558011054992676
0.00013907765969634056
0.14902162551879883
0.0005259718745946884
0.14902162551879883
0.009306013584136963
0.14902162551879883
0.014270216226577759
0.0021074116230010986
0.0008797068148851395
0.0006767492741346359
0.007748007774353027
0.14902162551879883
0.01017308235168457
0.0005127303302288055
0.14902162551879883
0.014270216226577759
0.009306013584136963
0.14902162551879883
0.14902162551879883
1.6459161997772753e-06
0.04831111431121826
0.004149958491325378
0.14902162551879883
0.04831111431121826
0.004590854048728943
0.14902162551879883
0.04831111431121826
1.2480631994549185e-06
0.012102186679840088
0.001855507493019104
0.14902162551879883
0.14902162551879883
8.287513628602028e-05
0.007093578577041626
0.00046230386942625046
0.00025327131152153015
0.14902162551879883
0.014270216226577759
0.14902162551879883
0.012102186679840088
0.014270216226577759
0.004046782851219177
0.14902162551879883
0.04831111431121826
0.00016845809295773506
0.14902162551879883
3.8572397897951305e-07
0.0004886779934167862
8.242600597441196e-05
0.14902162551879883
0.14902162551879883
0.0029530897736549377
0.0012382939457893372
0.0001363898627460003
0.00015310104936361313
0.009667038917541504
0.14902162551879883
0.14902162551879883
0.14902162551879883
0.00045708753168582916
0.010023355484008789
0.0019661039113998413
0.003864772617816925
0.14902162551879883
2.903409767895937e-05
0.002284303307533264
0.14902162551879883
0.14902162551879883
0.14902162551879883
0.003864772617816925
0.14902162551879883
1.0723888408392668e-06
0.00032022874802351
0.00023714127019047737
0.0005488954484462738
0.007748007774353027
0.14902162551879883
0.0002050241455435753
0.0036033987998962402
0.0004952084273099899
0.010023355484008789
0.0025464892387390137
0.01017308235168457
0.00012272130697965622
0.00010507041588425636
0.14902162551879883
0.14902162551879883
0.04831111431121826
0.14902162551879883
0.14902162551879883
0.14902162551879883
0.0001417160965502262
0.014270216226577759
0.005488604307174683
0.14902162551879883
0.0019661039113998413
0.14902162551879883
0.008077949285507202
0.007093578577041626
0.004634052515029907
0.012102186679840088
0.0019737035036087036
0.04831111431121826
0.0029530897736549377
0.014270216226577759
0.009667038917541504
0.14902162551879883
0.14902162551879883
0.14902162551879883
0.0032506361603736877
5.277033778838813e-06
0.14902162551879883
0.14902162551879883
0.009306013584136963
0.0011290311813354492
0.00011468795128166676
0.14902162551879883
1.8705963157117367e-05
5.435049388324842e-07
0.0010449737310409546
9.292340837419033e-05
0.04831111431121826
0.003864772617816925
0.00013684481382369995
2.7275586035102606e-05
5.92194264754653e-05
0.04831111431121826
0.14902162551879883
3.2609241316094995e-06
9.634625166654587e-05
0.0006014928221702576
0.004141718149185181
0.0026092529296875
0.003610670566558838
2.5428947992622852e-05
0.004141718149185181
0.004141718149185181
0.0037198737263679504
0.014270216226577759
0.009403705596923828
0.010023355484008789
0.0007145330309867859
0.01017308235168457
0.009403705596923828
2.4104607291519642e-05
0.14902162551879883
0.14902162551879883
0.14902162551879883
0.14902162551879883
0.14902162551879883
0.0029530897736549377
3.13884811475873e-05
0.00016069132834672928
0.014270216226577759
0.14902162551879883
0.0002730153501033783
0.009403705596923828
0.003304131329059601
0.00040013808757066727
0.014270216226577759
4.407064989209175e-05
0.00020137056708335876
0.0005768556147813797
0.0006164349615573883
0.0029530897736549377
0.14902162551879883
0.0018579661846160889
0.008077949285507202
0.14902162551879883
0.0019661039113998413
1.9409111700952053e-05
0.00028251763433218
0.0002781962975859642
0.0035623162984848022
0.0006653182208538055
0.014270216226577759
0.00045018270611763
0.0007638521492481232
2.327997935935855e-05
0.14902162551879883
0.009403705596923828
0.00015518581494688988
0.0035623162984848022
0.00011334544979035854
0.14902162551879883
0.0032506361603736877
0.0005036089569330215
0.014270216226577759
0.0001870710402727127
0.00028405897319316864
0.009667038917541504
0.0001397905871272087
0.00047743041068315506
0.04831111431121826
0.0001515112817287445
0.001745462417602539
0.0001802481710910797
0.14902162551879883
0.0001909146085381508
0.04831111431121826
0.002284303307533264
0.14902162551879883
0.0038682669401168823
0.0001397905871272087
0.0006809476763010025
0.0021903589367866516
0.0004948936402797699
0.0008805003017187119
1.8771039322018623e-05
0.0035623162984848022
0.002284303307533264
0.0066999346017837524
0.14902162551879883
0.0005030613392591476
0.009403705596923828
0.14902162551879883
0.14902162551879883
3.206380642950535e-05
5.7993020163849e-06
0.04831111431121826
0.011183679103851318
0.0013992004096508026
0.0004515917971730232
0.009403705596923828
0.0026092529296875
0.00023886095732450485
0.0005507078021764755
0.04831111431121826
0.14902162551879883
0.00015532877296209335
3.1481977202929556e-06
0.00011735130101442337
3.264154656790197e-06
0.0001856144517660141
0.0039844512939453125
0.00017733126878738403
0.0004952084273099899
0.000628989189863205
0.0019093677401542664
0.00013021798804402351
0.14902162551879883
0.01017308235168457
0.005478367209434509
0.14902162551879883
0.0003240564838051796
0.004634052515029907
0.00010650814510881901
0.0016132816672325134
0.04831111431121826
0.0036331117153167725
0.0038682669401168823
0.005488604307174683
9.066949132829905e-06
0.14902162551879883
0.0016327500343322754
0.04831111431121826
0.04831111431121826
0.00026745814830064774
6.823497824370861e-05
2.9894523322582245e-05
0.0004222234711050987
0.009667038917541504
0.14902162551879883
1.0457326425239444e-05
0.00016424059867858887
0.003610670566558838
0.01017308235168457
0.0015626251697540283
0.012102186679840088
0.0003082873299717903
0.0056252628564834595
2.374884206801653e-05
0.0066999346017837524
0.00012606196105480194
0.009306013584136963
0.0001576240174472332
0.0019661039113998413
4.685789463110268e-07
7.909875421319157e-07
0.0020102113485336304
3.9026373997330666e-05
0.00026598013937473297
0.0027452856302261353
0.0014446042478084564
0.008077949285507202
0.0016132816672325134
0.0006014928221702576
0.14902162551879883
0.004590854048728943
0.009667038917541504
0.0010709837079048157
0.010023355484008789
0.14902162551879883
1.9506376702338457e-05
0.009403705596923828
0.0004780357703566551
0.00041613541543483734
0.011183679103851318
0.014270216226577759
0.14902162551879883
0.0019093677401542664
0.14902162551879883
0.004974812269210815
0.001754671335220337
0.0025464892387390137
0.0020019859075546265
0.00242498517036438
3.0164432246237993e-05
0.009306013584136963
0.00042875856161117554
0.00010650814510881901
0.0035623162984848022
0.0016146451234817505
0.004046782851219177
0.000250035896897316
0.14902162551879883
8.027395233511925e-05
9.235064499080181e-05
0.001763608306646347
0.004590854048728943
0.0039844512939453125
0.0013298019766807556
0.0036033987998962402
0.00021354667842388153
1.903204247355461e-05
0.001763608306646347
0.14902162551879883
0.014270216226577759
0.14902162551879883
0.0016327500343322754
0.14902162551879883
0.14902162551879883
1.9846584109473042e-07
0.0006739813834428787
0.14902162551879883
0.002174198627471924
0.014270216226577759
0.0016132816672325134
0.00020498502999544144
0.14902162551879883
0.0003716666251420975
0.14902162551879883
0.14902162551879883
0.0014446042478084564
0.0002633156254887581
0.0003267750144004822
0.14902162551879883
0.0007399134337902069
0.0002556983381509781
0.14902162551879883
0.01017308235168457
0.04831111431121826
2.7649279218167067e-05
0.0035623162984848022
8.385232649743557e-05
0.14902162551879883
0.04831111431121826
0.009403705596923828
0.011183679103851318
5.5849202908575535e-05
0.00439433753490448
0.0036331117153167725
0.0019093677401542664
0.14902162551879883
0.002284303307533264
3.852182999253273e-05
0.0029530897736549377
0.00021476298570632935
9.079556912183762e-05
0.00015093106776475906
0.005642294883728027
0.0016327500343322754
0.14902162551879883
0.0005069393664598465
0.0036331117153167725
4.485191311687231e-05
0.005642294883728027
0.0021306946873664856
0.009306013584136963
0.0005616769194602966
0.0004882803186774254
8.023600094020367e-05
0.0019093677401542664
6.491318345069885e-07
0.0021074116230010986
0.0002486957237124443
0.04831111431121826
0.006041228771209717
2.4566470528952777e-06
0.14902162551879883
0.014270216226577759
0.0005575288087129593
0.000520976260304451
2.973951632156968e-05
0.0035623162984848022
0.04831111431121826
0.006727620959281921
0.007748007774353027
0.0007621552795171738
0.00017798831686377525
0.14902162551879883
0.14902162551879883
4.917557816952467e-05
0.012102186679840088
0.0008036140352487564
0.0032506361603736877
0.14902162551879883
0.001855507493019104
0.00022508669644594193
0.14902162551879883
0.0002797981724143028
0.014270216226577759
3.132247366011143e-05
0.0020102113485336304
0.0121535062789917
0.014270216226577759
0.011183679103851318
0.0029530897736549377
0.14902162551879883
0.0008901115506887436
0.04831111431121826
0.14902162551879883
4.656772944144905e-06
0.14902162551879883
0.14902162551879883
5.9983343817293644e-05
0.0006253570318222046
0.003610670566558838
0.01017308235168457
7.228157483041286e-05
0.0121535062789917
7.005245424807072e-05
0.0004515917971730232
2.665602369233966e-05
0.14902162551879883
0.14902162551879883
0.002978608012199402
0.01017308235168457
0.04831111431121826
0.004634052515029907
0.00024210987612605095
0.009403705596923828
0.0002781962975859642
0.005488604307174683
0.14902162551879883
0.00021454552188515663
0.14902162551879883
0.14902162551879883
0.002272211015224457
0.14902162551879883
0.14902162551879883
0.0029530897736549377
0.14902162551879883
0.14902162551879883
0.008077949285507202
0.0011527687311172485
0.002272211015224457
0.14902162551879883
6.0680555179715157e-05
0.0056252628564834595
0.0002556983381509781
4.3507861846592277e-07
6.8033114075660706e-06
4.879693733528256e-07
0.002284303307533264
0.14902162551879883
8.040736429393291e-05
0.04831111431121826
0.010023355484008789
0.0007399134337902069
0.0010449737310409546
0.00016316678375005722
0.004150256514549255
0.007093578577041626
0.14902162551879883
0.004141718149185181
0.00020498502999544144
0.00010691420175135136
0.0006373971700668335
0.01017308235168457
1.3094424502924085e-05
0.00013814866542816162
1.1560814527911134e-07
0.0005016084760427475
0.14902162551879883
0.0005815215408802032
0.004141718149185181
0.14902162551879883
0.009403705596923828
0.00025245826691389084
5.481659900397062e-05
0.0007348246872425079
0.14902162551879883
7.579661905765533e-05
0.010023355484008789
0.0121535062789917
0.009306013584136963
9.556155418977141e-06
0.0005575288087129593
0.00047791842371225357
0.003864772617816925
0.0006809476763010025
0.14902162551879883
0.14902162551879883
0.000910470262169838
0.0001987004652619362
0.0002555111423134804
0.00439433753490448
0.00012476462870836258
0.14902162551879883
0.005488604307174683
0.0007078945636749268
0.003304131329059601
0.04831111431121826
3.584194928407669e-05
0.003610670566558838
2.0367733668535948e-05
2.281798515468836e-05
6.847025360912085e-06
0.001745462417602539
0.14902162551879883
0.0010449737310409546
0.004714801907539368
0.005488604307174683
0.14902162551879883
0.009403705596923828
0.003910496830940247
0.00031568296253681183
2.6720110327005386e-05
0.014270216226577759
0.14902162551879883
0.0002462705597281456
0.009403705596923828
0.0007348246872425079
0.004714801907539368
5.164300091564655e-06
1.3755809050053358e-05
0.0003578821197152138
0.01017308235168457
0.0032471269369125366
0.004974812269210815
0.0013733059167861938
0.14902162551879883
2.390634108451195e-07
0.00021612877026200294
0.04831111431121826
0.00043865013867616653
0.04831111431121826
0.0008806139230728149
0.14902162551879883
0.14902162551879883
0.011183679103851318
0.0002514319494366646
0.0121535062789917
0.0003240564838051796
0.0006767492741346359
0.012102186679840088
0.0017793849110603333
0.0010015293955802917
4.3236883357167244e-05
0.004149958491325378
0.04831111431121826
0.004714801907539368
0.14902162551879883
0.0026092529296875
0.0003267750144004822
0.14902162551879883
0.04831111431121826
0.0007234029471874237
0.14902162551879883
0.14902162551879883
0.0001268289051949978
0.14902162551879883
0.00029902346432209015
0.002416647970676422
0.00013669021427631378
0.005488604307174683
2.616905840113759e-05
7.41438998375088e-06
0.00027939118444919586
0.14902162551879883
0.009306013584136963
0.00013220077380537987
0.006727620959281921
0.00019668973982334137
6.360787665471435e-06
0.012102186679840088
5.851592868566513e-05
0.04831111431121826
0.004974812269210815
0.14902162551879883
0.14902162551879883
0.00018963683396577835
0.14902162551879883
0.003910496830940247
2.9188049666117877e-07
0.010023355484008789
6.022182788001373e-07
0.0066999346017837524
0.14902162551879883
0.04831111431121826
0.008077949285507202
0.04831111431121826
0.010023355484008789
0.00017202133312821388
0.0008593183010816574
0.14902162551879883
2.724409569054842e-06
0.14902162551879883
0.0056252628564834595
1.6976380720734596e-05
0.004141718149185181
0.0008806139230728149
0.14902162551879883
0.014270216226577759
5.935056833550334e-06
1.1167197953909636e-05
0.004149958491325378
0.14902162551879883
0.0007921252399682999
0.14902162551879883
0.00022872816771268845
0.00043479911983013153
0.0006341543048620224
0.0056252628564834595
0.0032483264803886414
0.14902162551879883
0.002272211015224457
0.00439433753490448
5.24069182574749e-05
0.0021903589367866516
0.0002582743763923645
0.04831111431121826
0.0020102113485336304
0.14902162551879883
0.14902162551879883
0.0006739813834428787
1.0971329174935818e-05
0.0019737035036087036
0.005478367209434509
0.00028614234179258347
0.14902162551879883
0.009306013584136963
0.14902162551879883
0.0001879134215414524
0.0121535062789917
0.14902162551879883
0.14902162551879883
0.14902162551879883
0.0019924193620681763
0.14902162551879883
0.009403705596923828
0.0029530897736549377
0.0005069393664598465
0.0021306946873664856
0.014270216226577759
0.003864772617816925
0.0017096064984798431
0.0021074116230010986
0.0017572231590747833
0.0019093677401542664
0.004590854048728943
0.008077949285507202
0.04831111431121826
0.0011527687311172485
0.0021903589367866516
0.008077949285507202
0.0016146451234817505
0.009403705596923828
0.0121535062789917
0.001130867749452591
0.009403705596923828
0.0038682669401168823
0.14902162551879883
0.0035623162984848022
0.009403705596923828
0.010023355484008789
0.0003746896982192993
0.0005768556147813797
0.007748007774353027
0.000910470262169838
0.04831111431121826
0.14902162551879883
0.14902162551879883
0.004590854048728943
0.04831111431121826
0.0011527687311172485
0.009667038917541504
0.00021656882017850876
0.14902162551879883
0.14902162551879883
0.0020102113485336304
0.14902162551879883
1.712149241939187e-05
0.0121535062789917
0.011183679103851318
0.0018972791731357574
0.0008108615875244141
0.14902162551879883
0.000628989189863205
0.010023355484008789
0.0007382314652204514
0.004634052515029907
0.0005575288087129593
0.0007589012384414673
0.007093578577041626
0.14902162551879883
0.14902162551879883
8.691404946148396e-05
0.00015918537974357605
0.14902162551879883
0.006727620959281921
0.14902162551879883
0.004141718149185181
0.04831111431121826
5.330704152584076e-05
0.005488604307174683
0.0019661039113998413
0.0008372608572244644
0.001745462417602539
0.0001673055812716484
0.14902162551879883
2.531145582906902e-06
0.0036331117153167725
0.0007234029471874237
0.14902162551879883
0.04831111431121826
0.14902162551879883
1.3889257388655096e-07
0.04831111431121826
9.9462631624192e-06
0.00011950451880693436
0.00024210987612605095
0.0121535062789917
0.14902162551879883
4.38028946518898e-05
0.0002655843272805214
8.514011278748512e-05
0.0008334442973136902
3.3471500501036644e-05
0.14902162551879883
0.0003060121089220047
0.0009672604501247406
5.666317883878946e-05
0.0002781962975859642
1.120797242037952e-05
0.000856572762131691
0.0021903589367866516
0.00439433753490448
3.876019036397338e-06
0.0021306946873664856
1.241220161318779e-05
0.004974812269210815
0.002284303307533264
0.002667255699634552
0.04831111431121826
0.004634052515029907
0.002284303307533264
0.00131230428814888
0.01017308235168457
5.724189122702228e-08
2.743431832641363e-05
0.0037198737263679504
5.678785964846611e-05
0.0027664005756378174
0.14902162551879883
5.775764293503016e-07
0.01017308235168457
0.0007921252399682999
7.639580871909857e-06
0.0015626251697540283
0.007046222686767578
0.0032506361603736877
0.0001075458712875843
0.04831111431121826
0.00022147828713059425
0.008077949285507202
0.0003453018143773079
0.14902162551879883
5.949242040514946e-05
3.393950464669615e-06
0.007093578577041626
0.14902162551879883
0.00021454552188515663
0.0007928907871246338
0.00027704983949661255
0.002174198627471924
0.14902162551879883
0.009306013584136963
0.005478367209434509
0.0013992004096508026
0.04831111431121826
3.917503636330366e-05
0.14902162551879883
0.0005259718745946884
0.007046222686767578
8.111563511192799e-05
0.04831111431121826
0.00015710806474089622
0.14902162551879883
0.14902162551879883
0.001754671335220337
7.878267206251621e-05
0.004590854048728943
0.0005016084760427475
0.14902162551879883
0.001745462417602539
0.009306013584136963
9.971583494916558e-06
7.98856490291655e-06
0.0020102113485336304
0.0001805718056857586
0.0018579661846160889
0.0036331117153167725
0.14902162551879883
0.14902162551879883
0.0121535062789917
0.00013218959793448448
0.14902162551879883
0.004590854048728943
0.009667038917541504
0.00014906516298651695
0.0013298019766807556
9.864801540970802e-05
0.0029530897736549377
1.6743579180911183e-06
0.0121535062789917
2.531605787225999e-07
0.00010302127338945866
0.04831111431121826
0.04831111431121826
0.001570526510477066
2.0102597773075104e-06
1.2491451343521476e-05
0.0005180016160011292
0.003610670566558838
0.0007378663867712021
2.040476829279214e-06
0.001653924584388733
0.0009541027247905731
0.0017682388424873352
0.04831111431121826
1.1934258509427309e-05
0.14902162551879883
0.0011415258049964905
0.0025464892387390137
1.6072772268671542e-06
0.14902162551879883
0.0029530897736549377
0.14902162551879883
0.005642294883728027
0.005488604307174683
0.0038682669401168823
0.14902162551879883
0.014270216226577759
0.00022833188995718956
0.0020019859075546265
0.014270216226577759
4.557578358799219e-05
0.0016476288437843323
0.0056252628564834595
7.642456330358982e-05
0.00015491154044866562
0.00016484875231981277
2.7514412067830563e-05
0.002667255699634552
0.14902162551879883
0.009403705596923828
0.00026745814830064774
0.0036033987998962402
0.008077949285507202
0.14902162551879883
0.0019737035036087036
0.14902162551879883
0.012102186679840088
0.010023355484008789
0.014270216226577759
3.33567732013762e-06
0.0002797981724143028
0.00023951474577188492
0.14902162551879883
0.014270216226577759
2.7959700673818588e-05
0.14902162551879883
7.228157483041286e-05
0.14902162551879883
0.007046222686767578
0.0038682669401168823
0.01017308235168457
0.014270216226577759
0.14902162551879883
0.0012917183339595795
0.14902162551879883
0.0006373971700668335
5.0688511691987514e-05
0.00011334544979035854
1.3501790817826986e-05
0.0039844512939453125
0.007093578577041626
0.00038032978773117065
6.823497824370861e-05
0.009667038917541504
0.0007246062159538269
0.14902162551879883
0.0001417160965502262
1.8727441783994436e-05
0.0039844512939453125
0.14902162551879883
7.033348083496094e-05
0.14902162551879883
4.3541775085031986e-05
0.04831111431121826
0.014270216226577759
0.004714801907539368
0.003304131329059601
0.04831111431121826
7.544201798737049e-05
0.14902162551879883
6.441041477955878e-06
0.003864772617816925
0.14902162551879883
0.009667038917541504
0.04831111431121826
0.004634052515029907
0.14902162551879883
1.0515155736356974e-05
0.0008108615875244141
2.5011468096636236e-07
0.0008806139230728149
0.04831111431121826
0.0008218530565500259
0.04831111431121826
0.00028251763433218
1.6237376257777214e-05
0.003304131329059601
0.001745462417602539
1.14745635073632e-05
0.001531347632408142
0.0035623162984848022
0.14902162551879883
0.14902162551879883
0.14902162551879883
5.164074536878616e-07
0.0020102113485336304
0.04831111431121826
0.0019737035036087036
0.0011527687311172485
0.14902162551879883
0.00011043669655919075
0.14902162551879883
0.14902162551879883
0.005488604307174683
0.14902162551879883
0.14902162551879883
1.3304641470313072e-05
0.0021835938096046448
0.01017308235168457
1.9962899386882782e-05
0.0035623162984848022
0.0008845105767250061
0.0015626251697540283
0.0008845105767250061
0.0011579059064388275
0.0006083771586418152
0.006727620959281921
0.14902162551879883
0.14902162551879883
0.004046782851219177
0.0033558011054992676
0.14902162551879883
3.4505617804825306e-05
4.984147381037474e-06
0.005488604307174683
0.0036331117153167725
0.014270216226577759
0.00012173829600214958
0.0014446042478084564
0.0002022278495132923
9.334739297628403e-05
0.14902162551879883
0.004141718149185181
0.0021903589367866516
0.14902162551879883
0.009667038917541504
4.3822452425956726e-05
0.002432204782962799
1.583679113537073e-05
0.0005059968680143356
0.010023355484008789
0.014270216226577759
0.0016327500343322754
0.0005575288087129593
0.014270216226577759
0.008077949285507202
0.011183679103851318
0.00024672970175743103
0.0025464892387390137
0.0005261097103357315
0.004974812269210815
0.0011527687311172485
0.04831111431121826
0.0008824951946735382
0.0021219402551651
0.14902162551879883
0.14902162551879883
0.0004318607971072197
0.0018579661846160889
0.0056252628564834595
0.00037164799869060516
0.14902162551879883
2.4868713808245957e-06
9.981071343645453e-06
0.14902162551879883
0.0005127117037773132
0.0001790025271475315
0.01017308235168457
0.00011971523053944111
0.005488604307174683
0.0007921755313873291
0.00023033702746033669
0.014270216226577759
0.004149958491325378
8.232053369283676e-05
0.001531347632408142
0.04831111431121826
0.0035623162984848022
4.299927968531847e-05
9.865616448223591e-05
0.006727620959281921
0.002667255699634552
0.0007905662059783936
0.0010418258607387543
0.004634052515029907
0.0009541027247905731
0.004974812269210815
0.00026615336537361145
0.005478367209434509
0.0005069393664598465
0.003910496830940247
9.686249541118741e-06
0.009667038917541504
0.14902162551879883
0.00012182001955807209
0.0021903589367866516
0.014270216226577759
0.14902162551879883
0.0005975086241960526
3.7807272747159004e-05
0.00010691420175135136
6.589246913790703e-05
0.0005180016160011292
0.00013447273522615433
0.005642294883728027
0.00010509579442441463
0.00042875856161117554
0.0005348268896341324
3.947834557038732e-07
0.00044963322579860687
0.014270216226577759
0.003864772617816925
0.00030402280390262604
0.14902162551879883
0.006727620959281921
2.7427158784121275e-05
0.14902162551879883
0.001855507493019104
0.00012476462870836258
6.658211350440979e-05
0.04831111431121826
7.00678356224671e-07
0.0007821302860975266
2.545240567997098e-05
0.14902162551879883
0.14902162551879883
0.005488604307174683
8.188653737306595e-05
0.0007399134337902069
0.0005180016160011292
0.014270216226577759
0.14902162551879883
0.002284303307533264
0.14902162551879883
0.003304131329059601
9.272899478673935e-05
0.014270216226577759
0.002667255699634552
0.0038682669401168823
2.8384674806147814e-05
0.004634052515029907
0.00042875856161117554
7.005245424807072e-05
0.0004780357703566551
0.006041228771209717
0.0003429362550377846
0.007748007774353027
0.0037198737263679504
2.1618034224957228e-05
2.1947489585727453e-05
0.04831111431121826
0.00010742922313511372
0.008077949285507202
0.004149958491325378
0.0014195851981639862
7.156835636124015e-06
0.007748007774353027
0.0006403550505638123
8.018827065825462e-05
0.014270216226577759
0.004149958491325378
0.0001417160965502262
0.00023033702746033669
0.14902162551879883
0.14902162551879883
0.0018579661846160889
0.14902162551879883
0.14902162551879883
0.009403705596923828
1.1691387044265866e-05
0.14902162551879883
0.04831111431121826
0.00012706173583865166
0.14902162551879883
0.14902162551879883
4.907327820546925e-06
1.3885553926229477e-05
0.0005036089569330215
0.009403705596923828
0.0010837875306606293
0.0016476288437843323
0.0039844512939453125
0.14902162551879883
2.9926712159067392e-05
0.0006117001175880432
0.0006130561232566833
0.009403705596923828
3.2947747968137264e-05
0.0011527687311172485
0.008077949285507202
0.14902162551879883
0.0021306946873664856
0.0121535062789917
0.14902162551879883
0.00017872313037514687
0.00014978228136897087
0.009403705596923828
0.14902162551879883
4.610081668943167e-05
0.0001909146085381508
7.733283564448357e-05
0.14902162551879883
0.0007527284324169159
4.31351363658905e-05
0.14902162551879883
0.001531347632408142
0.005488604307174683
0.14902162551879883
0.0017137601971626282
0.14902162551879883
0.0021306946873664856
0.005488604307174683
0.000190025195479393
0.0036331117153167725
7.638614624738693e-05
0.0003659212961792946
0.0003520427271723747
0.0039844512939453125
0.14902162551879883
8.46036709845066e-06
5.646943463943899e-06
0.04831111431121826
0.0009954869747161865
0.00011971523053944111
0.000958392396569252
0.0003267750144004822
4.4300686568021774e-05
0.00017204182222485542
0.14902162551879883
0.01017308235168457
0.14902162551879883
0.04831111431121826
0.0005916133522987366
0.0121535062789917
0.004141718149185181
0.000628989189863205
4.54463588539511e-06
0.010023355484008789
9.20137608773075e-07
0.007093578577041626
3.8005877286195755e-05
0.0018579661846160889
0.004714801907539368
0.0011706054210662842
0.00031111203134059906
0.0004001697525382042
0.04831111431121826
0.0027664005756378174
0.0036331117153167725
5.481659900397062e-05
0.005488604307174683
0.0003755791112780571
9.944400517269969e-06
0.14902162551879883
0.14902162551879883
0.011183679103851318
0.14902162551879883
0.0003431951627135277
0.004141718149185181
0.012102186679840088
0.009667038917541504
0.0003100810572504997
0.0033558011054992676
1.984852133318782e-06
1.4835415640845895e-05
0.005642294883728027
0.0021835938096046448
0.002272211015224457
2.4095643311738968e-05
0.009667038917541504
3.410398494452238e-05
0.0012917183339595795
0.14902162551879883
0.14902162551879883
0.0019661039113998413
1.2504548067227006e-05
0.0121535062789917
0.0020019859075546265
0.0032506361603736877
0.14902162551879883
0.0007638521492481232
0.14902162551879883
0.007093578577041626
0.14902162551879883
0.04831111431121826
0.14902162551879883
8.957576937973499e-05
0.0027452856302261353
0.0032506361603736877
0.0066999346017837524
0.14902162551879883
0.0001364746131002903
0.014270216226577759
3.714021295309067e-05
0.010023355484008789
0.0005784910172224045
0.0010837875306606293
0.0007751937955617905
2.065987791866064e-05
0.14902162551879883
0.14902162551879883
0.0056252628564834595
0.0010709837079048157
1.9917148165404797e-05
0.00022879941388964653
0.14902162551879883
0.14902162551879883
0.0010449737310409546
0.0027452856302261353
0.14902162551879883
0.04831111431121826
0.004974812269210815
0.14902162551879883
0.009403705596923828
0.0004882803186774254
0.0121535062789917
0.14902162551879883
0.0009057074785232544
4.7526322305202484e-05
0.14902162551879883
0.014270216226577759
0.0003536604344844818
0.011183679103851318
0.00041971076279878616
0.0004755062982439995
4.709197673946619e-05
0.14902162551879883
0.14902162551879883
0.001754671335220337
0.0033558011054992676
0.00010822340846061707
0.14902162551879883
0.001130867749452591
0.14902162551879883
0.14902162551879883
0.0016327500343322754
0.0007348246872425079
0.002978608012199402
0.014270216226577759
0.0026092529296875
6.262375973165035e-05
4.8942165449261665e-06
0.014270216226577759
0.04831111431121826
0.14902162551879883
0.0005327053368091583
0.0015626251697540283
0.14902162551879883
0.00018860213458538055
0.011183679103851318
0.00015201373025774956
0.14902162551879883
0.0001397780142724514
0.0039844512939453125
0.04831111431121826
3.899358489434235e-07
0.04831111431121826
0.0032483264803886414
0.011183679103851318
0.14902162551879883
0.0056252628564834595
0.005488604307174683
0.009306013584136963
0.14902162551879883
9.661947842687368e-06
9.734890227264259e-09
0.0036331117153167725
0.0004558758810162544
0.0121535062789917
0.0011527687311172485
0.0036331117153167725
0.14902162551879883
0.0006739813834428787
0.14902162551879883
7.847120286896825e-09
0.014270216226577759
0.003864772617816925
0.002174198627471924
0.009667038917541504
2.6387046091258526e-05
0.005642294883728027
0.0008644983172416687
0.004634052515029907
0.0007928907871246338
8.56535043567419e-05
1.0279531124979258e-05
0.002174198627471924
0.001531347632408142
0.14902162551879883
0.0032506361603736877
0.0020019859075546265
0.0021306946873664856
0.04831111431121826
0.14902162551879883
0.14902162551879883
0.0005575288087129593
2.9788643587380648e-05
0.14902162551879883
0.04831111431121826
0.009667038917541504
0.014270216226577759
0.002174198627471924
0.0121535062789917
1.3253338693175465e-06
0.0036331117153167725
0.000170151237398386
0.14902162551879883
0.0001870710402727127
0.14902162551879883
0.14902162551879883
0.009667038917541504
0.0003974279388785362
0.004149958491325378
0.0016146451234817505
0.010023355484008789
0.14902162551879883
0.0008270125836133957
0.14902162551879883
0.007748007774353027
0.14902162551879883
6.0209305956959724e-05
0.14902162551879883
0.010023355484008789
0.0036331117153167725
0.04831111431121826
0.00026615336537361145
0.00031920522451400757
0.009667038917541504
0.0020102113485336304
0.008077949285507202
0.004590854048728943
2.9054470360279083e-05
0.14902162551879883
1.0304052011633758e-07
0.0004882803186774254
7.2927912697196e-05
0.00017134705558419228
0.04831111431121826
0.00040967855602502823
0.00021168123930692673
0.007093578577041626
0.14902162551879883
0.14902162551879883
4.5503838919103146e-06
0.014270216226577759
0.0032483264803886414
0.009403705596923828
0.00014613987877964973
0.0035623162984848022
0.14902162551879883
0.00014041690155863762
0.00037266314029693604
0.00023444555699825287
0.008077949285507202
0.0026092529296875
0.0006866082549095154
0.014270216226577759
5.2308314479887486e-05
0.009667038917541504
0.0002633156254887581
0.14902162551879883
4.908681148663163e-06
0.010023355484008789
0.0005059968680143356
0.0011415258049964905
0.0032506361603736877
8.931790944188833e-06
0.14902162551879883
2.6047287974506617e-05
0.006041228771209717
0.0007659420371055603
0.0056252628564834595
4.741479642689228e-06
0.004634052515029907
0.006727620959281921
0.0008845105767250061
0.002174198627471924
0.00018804706633090973
0.003610670566558838
0.0007589012384414673
0.0033558011054992676
0.14902162551879883
0.006727620959281921
0.0009954869747161865
0.14902162551879883
0.009403705596923828
9.0430723503232e-05
0.04831111431121826
0.001570526510477066
1.8771039322018623e-05
0.0008036140352487564
0.00017706351354718208
0.007093578577041626
0.0005132053047418594
0.0001092781312763691
0.0013992004096508026
0.009403705596923828
0.007046222686767578
0.009306013584136963
0.00032495521008968353
3.04648419842124e-05
0.14902162551879883
0.0002798615023493767
0.005488604307174683
2.6361725758761168e-05
0.14902162551879883
0.014270216226577759
0.0036033987998962402
0.014270216226577759
0.010023355484008789
0.0017137601971626282
5.7029183153645135e-08
2.8541369829326868e-05
0.04831111431121826
0.014270216226577759
0.14902162551879883
0.010023355484008789
0.0008824951946735382
0.04831111431121826
7.544201798737049e-05
0.0019661039113998413
9.654019959270954e-05
0.0001673055812716484
0.14902162551879883
0.14902162551879883
5.448143929243088e-05
0.012102186679840088
0.001570526510477066
0.14902162551879883
0.0008535962551832199
0.0004445454105734825
0.14902162551879883
0.001754671335220337
0.0039844512939453125
0.0027664005756378174
0.00013236654922366142
0.14902162551879883
0.0004094187170267105
0.0038682669401168823
0.0007378663867712021
0.001570526510477066
1.9624480046331882e-05
0.000965336337685585
2.162210876122117e-06
3.731285687536001e-05
7.386645302176476e-05
0.0035623162984848022
0.0036033987998962402
0.14902162551879883
6.632134318351746e-05
8.709263056516647e-06
8.980568964034319e-06
0.001525048166513443
0.004141718149185181
1.3993048924021423e-06
0.0016146451234817505
0.00014906516298651695
0.14902162551879883
0.00014716293662786484
6.805654265917838e-06
0.009306013584136963
0.0009541027247905731
5.481659900397062e-05
7.386645302176476e-05
5.92194264754653e-05
0.004141718149185181
0.00242498517036438
0.009667038917541504
0.005478367209434509
0.0010449737310409546
0.14902162551879883
0.00032271817326545715
0.0033558011054992676
0.014270216226577759
0.0001790025271475315
0.00017309607937932014
0.0002134302631020546
0.00015491154044866562
3.130924596916884e-06
0.0014446042478084564
0.004634052515029907
0.0011530257761478424
0.002284303307533264
0.04831111431121826
9.594974108040333e-05
0.14902162551879883
0.14902162551879883
0.00016638683155179024
0.0002652732655405998
4.581728717312217e-06
0.008077949285507202
0.003864772617816925
0.0011579059064388275
0.005488604307174683
0.14902162551879883
0.00021454552188515663
0.0020102113485336304
0.0010837875306606293
0.14902162551879883
0.0066999346017837524
0.14902162551879883
0.0010418258607387543
0.00018535135313868523
1.674564555287361e-05
0.0036033987998962402
0.0033558011054992676
9.81530174612999e-05
0.0004001697525382042
2.1253596059978008e-05
0.0004223529249429703
0.00028251763433218
0.0004690391942858696
0.004714801907539368
0.014270216226577759
0.011183679103851318
0.04831111431121826
0.0005918722599744797
0.006727620959281921
0.002978608012199402
0.005488604307174683
8.639763109385967e-05
0.14902162551879883
0.0005784910172224045
0.0001805718056857586
0.004714801907539368
0.009403705596923828
0.0009427666664123535
0.14902162551879883
0.00026010163128376007
0.14902162551879883
0.14902162551879883
0.0021903589367866516
0.00032037030905485153
0.0121535062789917
0.14902162551879883
0.0032471269369125366
2.368504647165537e-05
0.009403705596923828
0.004590854048728943
1.3466662494465709e-05
4.454434383660555e-05
0.14902162551879883
0.0029530897736549377
0.14902162551879883
0.0024262070655822754
0.14902162551879883
0.14902162551879883
0.04831111431121826
0.0009211357682943344
0.01017308235168457
0.004634052515029907
0.14902162551879883
0.000856572762131691
0.003864772617816925
0.00043353158980607986
0.0029530897736549377
0.14902162551879883
0.0006832946091890335
5.734572187066078e-05
0.002174198627471924
0.0006403550505638123
0.001745462417602539
0.0008470248430967331
0.0006117001175880432
0.005488604307174683
0.000470220111310482
0.14902162551879883
0.14902162551879883
0.004141718149185181
0.0001259399577975273
0.00017798831686377525
0.14902162551879883
0.14902162551879883
0.00032540876418352127
0.14902162551879883
3.5134609788656235e-05
0.004141718149185181
0.014270216226577759
0.0016476288437843323
0.0014446042478084564
0.0005069393664598465
0.14902162551879883
1.6722424334147945e-07
0.00043806154280900955
2.7924368623644114e-05
1.7966318409889936e-05
0.014270216226577759
3.191262294421904e-07
0.004141718149185181
0.004141718149185181
8.351256838068366e-06
0.00027464888989925385
0.14902162551879883
0.0009427666664123535
0.14902162551879883
0.14902162551879883
7.337983697652817e-05
0.00015738792717456818
0.14902162551879883
0.0005156565457582474
0.000118649797514081
0.0021835938096046448
0.004634052515029907
2.6875233743339777e-05
0.00020301714539527893
0.0007399134337902069
0.14902162551879883
0.001684039831161499
0.004634052515029907
0.0007589012384414673
0.0036033987998962402
0.0005132053047418594
0.14902162551879883
0.0002836911007761955
0.011183679103851318
0.001525048166513443
0.14902162551879883
4.817824810743332e-05
0.012102186679840088
0.00045018270611763
0.04831111431121826
0.0002022278495132923
0.0005671344697475433
0.0006720293313264847
0.14902162551879883
0.00047427695244550705
0.0016146451234817505
0.005488604307174683
0.0020019859075546265
0.014270216226577759
8.352712029591203e-06
0.0009674262255430222
0.009403705596923828
6.191257853060961e-06
4.461253411136568e-06
7.25248537492007e-06
1.1096244634245522e-07
0.00014970963820815086
0.14902162551879883
0.14902162551879883
0.14902162551879883
0.000910470262169838
0.004974812269210815
0.14902162551879883
0.004590854048728943
0.0004512406885623932
0.01017308235168457
0.005488604307174683
0.14902162551879883
0.0012382939457893372
0.14902162551879883
0.0015517659485340118
3.563567588571459e-06
0.0039844512939453125
0.009403705596923828
9.577430319041014e-06
0.14902162551879883
0.004590854048728943
0.003910496830940247
0.014270216226577759
0.0007234029471874237
9.99700278043747e-05
0.14902162551879883
0.14902162551879883
0.0005939211696386337
0.012102186679840088
0.014270216226577759
5.481659900397062e-05
0.0002836482599377632
2.986953404615633e-07
0.14902162551879883
0.011183679103851318
0.01017308235168457
0.0007129721343517303
1.4676072169095278e-05
0.0019661039113998413
4.369125235825777e-05
0.004634052515029907
0.0006482880562543869
0.00012984033674001694
0.004150256514549255
0.0032506361603736877
0.14902162551879883
0.0005768556147813797
2.4590292014181614e-05
0.006727620959281921
0.14902162551879883
0.0001254631206393242
0.00024410011246800423
0.14902162551879883
0.00020656920969486237
0.007093578577041626
0.000993870198726654
5.962545401416719e-06
0.0001075458712875843
0.0121535062789917
0.011183679103851318
0.14902162551879883
0.0006739813834428787
0.003864772617816925
0.14902162551879883
0.00044752657413482666
0.0006832946091890335
0.0001515112817287445
8.938004611991346e-07
0.14902162551879883
0.04831111431121826
0.0015517659485340118
0.014270216226577759
0.005488604307174683
5.481659900397062e-05
0.14902162551879883
0.0007527284324169159
0.0017137601971626282
0.0121535062789917
0.0012917183339595795
5.666317883878946e-05
2.6658992283046246e-05
0.0008036140352487564
0.14902162551879883
0.007748007774353027
7.386645302176476e-05
4.60110604763031e-05
0.14902162551879883
0.014270216226577759
0.004149958491325378
0.002432204782962799
6.047979695722461e-06
0.00017559481784701347
0.14902162551879883
0.0011706054210662842
7.222290150821209e-05
0.14902162551879883
7.77833629399538e-05
6.45974650979042e-05
0.14902162551879883
0.0121535062789917
0.00025377701967954636
0.14902162551879883
0.0037198737263679504
0.0020019859075546265
0.014270216226577759
0.14902162551879883
0.009306013584136963
7.089882274158299e-06
0.0032471269369125366
0.14902162551879883
0.0013276077806949615
0.0005188193172216415
0.009667038917541504
3.05279390886426e-05
2.1632013158523478e-07
0.04831111431121826
0.0009674262255430222
0.0016476288437843323
1.0171315807383507e-06
0.14902162551879883
0.14902162551879883
0.004974812269210815
0.14902162551879883
0.00035861600190401077
0.0003250390291213989
0.007046222686767578
0.0019093677401542664
0.008077949285507202
0.0007505379617214203
9.328388841822743e-06
0.00013871211558580399
0.003610670566558838
0.04831111431121826
0.04831111431121826
0.009667038917541504
0.014270216226577759
0.00024171127006411552
0.012102186679840088
0.14902162551879883
0.04831111431121826
0.002667255699634552
0.14902162551879883
0.0121535062789917
0.0006014928221702576
0.0003125937655568123
0.004141718149185181
2.0120234694331884e-05
1.6809826774988323e-06
0.009306013584136963
0.0021835938096046448
0.04831111431121826
2.8851849492639303e-05
0.0039844512939453125
0.004141718149185181
0.014270216226577759
0.002667255699634552
0.14902162551879883
0.0003639478236436844
0.003304131329059601
0.14902162551879883
0.009667038917541504
0.14902162551879883
0.00019592838361859322
0.01017308235168457
9.475566912442446e-06
0.0001631900668144226
0.004141718149185181
0.04831111431121826
0.014270216226577759
0.04831111431121826
0.04831111431121826
1.4333772924146615e-07
4.084350075572729e-05
0.0016132816672325134
6.589246913790703e-05
4.222407005727291e-05
0.0038682669401168823
0.0029530897736549377
0.0003240564838051796
0.0002946052700281143
0.04831111431121826
0.14902162551879883
5.326594691723585e-05
0.009403705596923828
0.0001024527009576559
0.0004882803186774254
0.0001909146085381508
0.0005366206169128418
0.004590854048728943
0.04831111431121826
0.007093578577041626
0.14902162551879883
0.005642294883728027
0.00032540876418352127
0.00010968465358018875
0.001531347632408142
0.14902162551879883
0.0001657712273299694
3.1582167139276862e-06
0.14902162551879883
6.532506085932255e-05
0.0008470248430967331
2.6252673706039786e-06
0.04831111431121826
0.0004066638648509979
0.012102186679840088
1.3884564395993948e-05
0.005478367209434509
2.5486282538622618e-05
0.0019924193620681763
0.14902162551879883
0.14902162551879883
0.00022508669644594193
5.6041404604911804e-05
0.0004558758810162544
0.009403705596923828
0.0021074116230010986
8.314964361488819e-06
0.0006653182208538055
0.0004370110109448433
4.2451778426766396e-05
6.187637336552143e-05
0.014270216226577759
0.0007821302860975266
0.14902162551879883
0.002416647970676422
0.14902162551879883
0.14902162551879883
0.004714801907539368
0.14902162551879883
0.014270216226577759
4.3892214307561517e-07
0.00022508669644594193
0.04831111431121826
0.0001026445534080267
0.14902162551879883
0.01017308235168457
0.004714801907539368
0.14902162551879883
0.0007865484803915024
0.04831111431121826
0.001525048166513443
0.00033592525869607925
0.009667038917541504
0.0004365528002381325
0.00047791842371225357
0.004149958491325378
0.14902162551879883
0.14902162551879883
0.005488604307174683
0.00018012244254350662
4.4227181206224486e-07
9.71697736531496e-05
0.00012272130697965622
0.14902162551879883
0.012102186679840088
0.14902162551879883
0.14902162551879883
0.14902162551879883
0.00011579901911318302
0.0007638521492481232
0.04831111431121826
6.814091466367245e-05
0.14902162551879883
0.0018579661846160889
0.0018579661846160889
8.777040056884289e-05
0.14902162551879883
0.010023355484008789
0.014270216226577759
0.003304131329059601
0.0014195851981639862
0.00045598670840263367
0.0010598301887512207
0.04831111431121826
0.0008108615875244141
9.437091648578644e-05
0.00044752657413482666
