0.0006602704524993896
3.864988684654236e-05
5.692616105079651e-05
0.0037785768508911133
0.0006950497627258301
0.0002194046974182129
0.000540316104888916
0.0003715008497238159
1.2034084647893906e-05
0.019186019897460938
9.394250810146332e-06
0.0008202195167541504
0.0055010318756103516
5.145557224750519e-07
0.0007826685905456543
0.01840496063232422
0.0007259249687194824
0.00044010579586029053
5.642697215080261e-05
0.00012664496898651123
0.0020967721939086914
0.0027518272399902344
0.019186019897460938
0.0007582902908325195
0.034564971923828125
0.034564971923828125
1.3356097042560577e-05
0.0017168521881103516
0.0055010318756103516
0.01840496063232422
7.281079888343811e-05
0.001094520092010498
0.000492095947265625
4.584901034832001e-05
1.74790620803833e-05
1.0227086022496223e-07
0.02203655242919922
0.034564971923828125
0.0004418492317199707
0.0055010318756103516
0.0021671056747436523
0.00014659017324447632
3.847526386380196e-06
0.00792837142944336
0.00012968480587005615
0.00012664496898651123
3.0240043997764587e-06
4.73664840683341e-07
1.4603137969970703e-05
0.0001231655478477478
1.142546534538269e-05
0.0022772550582885742
0.0010262727737426758
2.5318004190921783e-06
0.0055010318756103516
1.9438564777374268e-05
5.5575743317604065e-05
0.0003715008497238159
0.0012543797492980957
0.0001604706048965454
0.0022772550582885742
1.3997312635183334e-05
1.4139804989099503e-05
0.0058095455169677734
0.026033401489257812
0.001736462116241455
0.00327455997467041
0.010897159576416016
0.02203655242919922
0.001623690128326416
5.642697215080261e-05
3.896886482834816e-06
5.982292350381613e-07
8.804781828075647e-07
0.00018524378538131714
0.019186019897460938
4.3451786041259766e-05
0.0011647343635559082
0.00010034069418907166
2.714339643716812e-05
0.0005025267601013184
0.01840496063232422
0.0003437846899032593
0.019186019897460938
0.0004332214593887329
8.050724864006042e-05
0.019186019897460938
0.0007259249687194824
0.0002624392509460449
2.3603439331054688e-05
0.002454519271850586
0.026033401489257812
0.01840496063232422
0.0004418492317199707
0.00011518970131874084
0.010897159576416016
1.0776057024486363e-07
0.0003103315830230713
0.0055010318756103516
9.31648537516594e-06
0.019186019897460938
0.00023394078016281128
0.00023394078016281128
4.014727892354131e-07
0.00013834238052368164
0.00012664496898651123
0.0032835006713867188
0.0014870762825012207
0.01840496063232422
0.0005375444889068604
4.73664840683341e-07
4.3451786041259766e-05
0.019186019897460938
6.36163167655468e-06
0.0021289587020874023
0.00012664496898651123
0.02203655242919922
0.00015017390251159668
0.0055010318756103516
0.0010262727737426758
0.0002587437629699707
0.000540316104888916
0.00012664496898651123
0.026033401489257812
0.0029098987579345703
0.0020967721939086914
3.143583171549835e-10
0.019186019897460938
0.019186019897460938
0.0015701055526733398
0.00036685168743133545
0.01840496063232422
0.001638650894165039
0.0006383061408996582
1.886801328510046e-07
1.520106707175728e-09
0.0005375444889068604
0.0007259249687194824
0.0027424097061157227
0.005384683609008789
0.00037832558155059814
6.153015419840813e-06
0.00044010579586029053
1.74790620803833e-05
0.00018109381198883057
0.0002587437629699707
0.01840496063232422
0.0055010318756103516
2.5568529963493347e-05
0.0007259249687194824
0.02203655242919922
4.73664840683341e-07
0.0002194046974182129
0.0021098852157592773
0.0027927160263061523
0.0006950497627258301
5.970941856503487e-06
0.002721071243286133
0.0017057061195373535
8.932314813137054e-06
0.02203655242919922
3.532390110194683e-06
0.0003781914710998535
0.0055010318756103516
0.002454519271850586
0.0001469925045967102
0.0007562935352325439
0.034564971923828125
8.876435458660126e-06
0.002454519271850586
0.00012664496898651123
0.00023523718118667603
0.00024521350860595703
8.352566510438919e-06
0.026033401489257812
0.0027927160263061523
0.0055010318756103516
0.0055010318756103516
0.0007402002811431885
3.9583537727594376e-06
0.00045993924140930176
8.050724864006042e-05
0.00033958256244659424
0.01840496063232422
0.0001469925045967102
0.0055010318756103516
0.00046344101428985596
0.0002624392509460449
1.0275747627019882e-05
1.9937753677368164e-05
0.0010214447975158691
1.3110227882862091e-05
0.0020967721939086914
0.0006289780139923096
0.003850221633911133
6.010010838508606e-05
0.00040543079376220703
0.008893489837646484
3.289023879915476e-07
0.0007259249687194824
0.008893489837646484
0.000540316104888916
0.0015701055526733398
0.026033401489257812
0.0007259249687194824
0.01840496063232422
0.034564971923828125
2.064509317278862e-06
0.00014543533325195312
1.717067789286375e-06
0.0004418492317199707
4.08245250582695e-06
0.001390695571899414
0.0027424097061157227
3.621913492679596e-05
0.0007259249687194824
0.000540316104888916
0.0007259249687194824
7.05040292814374e-09
0.0055010318756103516
0.0055010318756103516
0.0055010318756103516
1.7852289602160454e-06
4.08245250582695e-06
5.717948079109192e-05
0.026033401489257812
1.275097019970417e-06
0.0055010318756103516
0.0032835006713867188
0.026033401489257812
0.00014659017324447632
3.0942028388381004e-06
0.01840496063232422
1.0511372238397598e-05
4.414096474647522e-05
0.0020967721939086914
4.73664840683341e-07
0.019186019897460938
0.0010092854499816895
0.0027424097061157227
0.0001469925045967102
0.02203655242919922
0.0016463398933410645
0.00044010579586029053
0.0008967816829681396
0.00033248960971832275
0.00044010579586029053
0.0015701055526733398
5.642697215080261e-05
1.439359039068222e-06
0.0003715008497238159
0.026033401489257812
0.00010763108730316162
0.0019093751907348633
1.8835999071598053e-05
2.0744046196341515e-06
0.0014870762825012207
0.002624988555908203
0.0002624392509460449
0.0001244470477104187
0.034564971923828125
0.01840496063232422
0.008893489837646484
3.864988684654236e-05
4.4247135519981384e-06
0.0006602704524993896
0.003311634063720703
0.0007259249687194824
0.00012664496898651123
3.0240043997764587e-06
0.0055010318756103516
0.001736462116241455
1.2393109500408173e-05
0.002568960189819336
0.00013834238052368164
0.0014870762825012207
0.0055010318756103516
0.0021671056747436523
7.154012564569712e-07
0.00022498518228530884
0.0055010318756103516
0.00019488483667373657
0.0006602704524993896
0.0007259249687194824
0.019186019897460938
4.3451786041259766e-05
0.00011199340224266052
0.0001491755247116089
7.511989679187536e-07
0.001623690128326416
1.2974254786968231e-05
0.00014570355415344238
0.00012664496898651123
1.206990418722853e-08
0.0006194412708282471
0.00044010579586029053
0.0002925395965576172
6.315112113952637e-05
4.810090104001574e-09
1.8668943084776402e-06
0.0027518272399902344
6.87805368215777e-09
0.0001170225441455841
0.010897159576416016
0.0006144940853118896
0.0007259249687194824
0.0002624392509460449
0.00011518970131874084
0.00012664496898651123
0.0004418492317199707
0.008893489837646484
0.00792837142944336
2.4489127099514008e-06
0.010897159576416016
0.02203655242919922
0.0007259249687194824
0.0029098987579345703
1.2974254786968231e-05
0.010897159576416016
0.0037785768508911133
7.373444077529712e-10
0.008893489837646484
0.00014659017324447632
0.0012366771697998047
0.0002587437629699707
2.783781383186579e-07
1.886801328510046e-07
0.034564971923828125
0.0027424097061157227
7.281079888343811e-05
0.0006950497627258301
0.0055010318756103516
0.00010962039232254028
0.005384683609008789
0.0001463666558265686
1.4335091691464186e-07
3.1575560569763184e-05
0.0055010318756103516
2.4489127099514008e-06
0.00014659017324447632
0.00019488483667373657
0.00340425968170166
0.000218220055103302
0.019186019897460938
0.010897159576416016
0.02203655242919922
1.2181233614683151e-05
0.0020967721939086914
0.010897159576416016
0.034564971923828125
1.5345058557159064e-11
7.281079888343811e-05
0.0055010318756103516
5.642697215080261e-05
0.00044010579586029053
0.001390695571899414
0.010897159576416016
0.02203655242919922
9.578070603311062e-07
5.970010533928871e-06
2.0568259060382843e-05
0.034564971923828125
0.019186019897460938
9.578070603311062e-07
0.0027424097061157227
0.0007259249687194824
3.5587698221206665e-05
0.001623690128326416
0.02203655242919922
2.449098974466324e-05
4.1073188185691833e-05
9.31648537516594e-06
0.0034204721450805664
0.0014870762825012207
0.034564971923828125
0.019186019897460938
7.970258593559265e-06
0.0020967721939086914
5.678040906786919e-06
0.026033401489257812
0.0007259249687194824
0.026033401489257812
0.00014543533325195312
0.0010262727737426758
0.0015701055526733398
0.0006194412708282471
1.717067789286375e-06
0.0055010318756103516
0.00036685168743133545
8.932314813137054e-06
0.00012664496898651123
0.0004418492317199707
5.65851223655045e-08
0.0055010318756103516
0.00047653913497924805
5.642697215080261e-05
0.0020967721939086914
0.0055010318756103516
3.467139322310686e-07
1.7688143998384476e-06
2.6535242795944214e-05
0.00012664496898651123
0.008893489837646484
0.019186019897460938
0.001679837703704834
0.00012664496898651123
0.00012664496898651123
5.5149197578430176e-05
1.0533258318901062e-05
0.0006224215030670166
0.0059452056884765625
1.7641355043451767e-09
4.3451786041259766e-05
0.02203655242919922
0.026033401489257812
9.392201900482178e-05
1.439359039068222e-06
0.02203655242919922
0.00015789270401000977
6.557628512382507e-05
6.599584594368935e-06
0.0032835006713867188
5.275756120681763e-05
1.0586343705654144e-05
0.0020967721939086914
0.01840496063232422
0.000492095947265625
0.00012376904487609863
0.034564971923828125
0.010897159576416016
0.026033401489257812
0.0021817684173583984
0.0029098987579345703
7.017282769083977e-06
0.0007259249687194824
0.00012218952178955078
1.7359707271680236e-07
9.31648537516594e-06
9.394250810146332e-06
2.2205058485269547e-06
9.214971214532852e-06
7.057678885757923e-08
0.002624988555908203
0.0021671056747436523
5.375593900680542e-06
0.0055010318756103516
0.0055010318756103516
0.0018233656883239746
5.492765922099352e-07
0.0001115165650844574
1.8542632460594177e-05
0.001325070858001709
9.286776185035706e-05
0.002568960189819336
0.00011337548494338989
1.7951242625713348e-07
1.2550968676805496e-05
0.00043195486068725586
0.0006602704524993896
0.0055010318756103516
0.0059452056884765625
0.0022772550582885742
0.0009050965309143066
0.0015701055526733398
0.001325070858001709
0.00013834238052368164
9.510666131973267e-05
2.155778929591179e-06
4.584901034832001e-05
6.017275154590607e-05
0.0020967721939086914
1.4266930520534515e-05
0.0015333890914916992
2.5373883545398712e-06
0.034564971923828125
1.8482387531548738e-07
0.02203655242919922
0.01840496063232422
0.0027424097061157227
0.0001231655478477478
3.841519355773926e-05
0.02203655242919922
3.123842179775238e-05
0.01840496063232422
5.572335794568062e-06
0.0024553537368774414
0.0006123185157775879
0.0006950497627258301
0.00014659017324447632
0.0007374882698059082
0.01840496063232422
0.0055010318756103516
1.2550968676805496e-05
6.764661520719528e-06
0.0022772550582885742
0.0001244470477104187
0.01840496063232422
0.00014570355415344238
0.001390695571899414
0.004946231842041016
0.0029076337814331055
0.026033401489257812
0.003311634063720703
0.010897159576416016
0.010897159576416016
3.3857361358968774e-11
3.5587698221206665e-05
0.0020967721939086914
8.523091673851013e-05
4.1915103793144226e-05
4.3451786041259766e-05
1.8542632460594177e-05
0.00024521350860595703
4.157237708568573e-05
0.0006602704524993896
0.0020967721939086914
4.08245250582695e-06
0.0002716630697250366
0.0003985762596130371
0.0055010318756103516
7.78265530243516e-07
0.0032835006713867188
4.73664840683341e-07
0.0021201372146606445
9.86437953542918e-09
0.0015701055526733398
0.0004418492317199707
0.000492095947265625
0.02203655242919922
0.0006383061408996582
5.7916338391805766e-11
1.9652070477604866e-06
0.00023394078016281128
0.0034204721450805664
1.4950055629014969e-05
3.621913492679596e-05
0.0007259249687194824
0.00015778839588165283
0.0006950497627258301
8.704664651304483e-07
0.007586002349853516
7.750466465950012e-06
3.5587698221206665e-05
0.0058095455169677734
7.281079888343811e-05
7.202033884823322e-07
0.013928890228271484
0.0001244470477104187
0.0003985762596130371
0.0005656182765960693
0.01840496063232422
0.0055010318756103516
0.005077362060546875
0.001325070858001709
0.0005375444889068604
0.0055010318756103516
0.001638650894165039
9.198265615850687e-07
0.02203655242919922
2.5802291929721832e-05
0.01840496063232422
0.001094520092010498
9.204726666212082e-06
0.00040963292121887207
0.0007259249687194824
3.025525074917823e-08
0.00023394078016281128
0.019186019897460938
2.4493783712387085e-07
1.973845064640045e-05
6.748450687155128e-08
0.02203655242919922
0.0006383061408996582
2.429442247375846e-07
1.74790620803833e-05
0.0007259249687194824
1.9416802388150245e-08
2.004764974117279e-05
2.77708750218153e-07
8.108094334602356e-05
6.578629836440086e-06
4.584901034832001e-05
0.00023394078016281128
0.0007966756820678711
4.414096474647522e-05
0.0003715008497238159
0.000540316104888916
4.925066605210304e-06
0.0055010318756103516
0.019186019897460938
0.001638650894165039
0.0055010318756103516
0.0006383061408996582
1.4691613614559174e-05
9.214971214532852e-06
4.73664840683341e-07
0.010897159576416016
0.0007402002811431885
0.003311634063720703
0.0021671056747436523
5.76233105675783e-09
0.0020967721939086914
5.642697215080261e-05
0.0002624392509460449
2.0100735127925873e-05
4.73664840683341e-07
1.888431143015623e-06
0.0055010318756103516
0.002454519271850586
0.006018400192260742
0.00020796805620193481
0.01840496063232422
0.00023394078016281128
0.00023394078016281128
3.4297117963433266e-06
4.584901034832001e-05
1.071300357580185e-05
0.01840496063232422
0.0029098987579345703
0.000492095947265625
1.3334647519513965e-07
0.002454519271850586
0.0027424097061157227
0.00012664496898651123
3.864988684654236e-05
0.009760379791259766
0.01840496063232422
0.0027518272399902344
0.0006289780139923096
0.007586002349853516
4.08245250582695e-06
4.3451786041259766e-05
0.0020967721939086914
0.010897159576416016
5.642697215080261e-05
0.0027424097061157227
0.00012664496898651123
0.007586002349853516
2.221553586423397e-06
0.008893489837646484
0.0006950497627258301
0.00012664496898651123
0.0024933815002441406
0.001325070858001709
6.153015419840813e-06
0.02203655242919922
0.00019297003746032715
0.0002598017454147339
0.0055010318756103516
0.00012855231761932373
0.0004418492317199707
3.966875374317169e-05
5.4817646741867065e-05
0.00012664496898651123
0.019186019897460938
0.00012664496898651123
0.00012664496898651123
5.375477485358715e-08
0.0001231655478477478
0.02203655242919922
0.0055010318756103516
0.0005375444889068604
0.001736462116241455
1.2550968676805496e-05
0.010897159576416016
0.0010325312614440918
0.0021817684173583984
0.0007259249687194824
3.147684037685394e-05
3.5587698221206665e-05
4.3451786041259766e-05
0.00044608116149902344
0.019186019897460938
0.02203655242919922
3.5587698221206665e-05
2.0100735127925873e-05
3.301165997982025e-05
0.0056078433990478516
5.9085432440042496e-06
0.006018400192260742
0.0006602704524993896
0.00010405480861663818
0.0027424097061157227
0.0018233656883239746
0.0006950497627258301
0.0005025267601013184
0.0032835006713867188
0.008893489837646484
0.0004418492317199707
1.5662983059883118e-05
0.0020967721939086914
0.01840496063232422
0.019186019897460938
8.966773748397827e-06
0.000540316104888916
0.0055010318756103516
0.00012664496898651123
0.0002587437629699707
8.050724864006042e-05
6.599584594368935e-06
0.0003103315830230713
0.0007582902908325195
0.0012950897216796875
0.00012664496898651123
5.030818283557892e-05
0.0007562935352325439
0.0032835006713867188
0.0004418492317199707
0.01840496063232422
0.001390695571899414
3.5900622606277466e-05
0.0010325312614440918
0.0015701055526733398
0.00044010579586029053
0.019186019897460938
7.128401193767786e-07
5.5694952607154846e-05
0.0055010318756103516
0.026033401489257812
0.026033401489257812
0.0003911256790161133
7.281079888343811e-05
0.00012664496898651123
0.000492095947265625
0.00012664496898651123
8.451193571090698e-05
0.00011790916323661804
7.970258593559265e-06
0.008893489837646484
0.00014659017324447632
4.414096474647522e-05
0.007586002349853516
0.0055010318756103516
0.001325070858001709
0.0012853145599365234
0.0006383061408996582
0.0008967816829681396
0.00044010579586029053
0.00012664496898651123
0.007586002349853516
0.0020967721939086914
0.001679837703704834
0.0015701055526733398
0.004251003265380859
5.523361323866993e-09
6.599584594368935e-06
2.004764974117279e-05
0.00013834238052368164
0.002454519271850586
1.0912306606769562e-05
0.019186019897460938
7.017282769083977e-06
5.375593900680542e-06
0.0006950497627258301
0.0004236549139022827
0.0007259249687194824
3.295252099633217e-06
0.002776026725769043
4.3723732233047485e-05
0.034564971923828125
3.4033291740342975e-08
4.73664840683341e-07
0.01840496063232422
0.00011518970131874084
0.01840496063232422
0.0003715008497238159
1.8108636140823364e-05
1.9209692254662514e-06
5.030597094446421e-07
0.00010034069418907166
0.001623690128326416
0.01840496063232422
0.0055010318756103516
0.0007562935352325439
0.0002772510051727295
0.000492095947265625
5.3491443395614624e-05
0.002568960189819336
1.8835999071598053e-05
5.375593900680542e-06
9.31648537516594e-06
0.0012366771697998047
3.864988684654236e-05
0.001325070858001709
4.3451786041259766e-05
0.00012587010860443115
1.2339442037045956e-06
9.778887033462524e-06
3.864988684654236e-05
0.0020967721939086914
0.00028429925441741943
0.00010034069418907166
0.019186019897460938
0.0010214447975158691
7.281079888343811e-05
0.0007259249687194824
0.00012664496898651123
0.01840496063232422
0.034564971923828125
0.010202407836914062
0.0055010318756103516
0.00012664496898651123
0.00012587010860443115
0.00011518970131874084
0.0055010318756103516
0.00012664496898651123
0.019186019897460938
0.0007562935352325439
0.00019488483667373657
0.00011571124196052551
1.539476215839386e-06
0.0001240372657775879
0.0034204721450805664
3.707222640514374e-05
0.0005025267601013184
7.281079888343811e-05
0.0022772550582885742
0.00033248960971832275
0.00020796805620193481
0.001325070858001709
0.00014659017324447632
0.0055010318756103516
2.6228372007608414e-06
5.692616105079651e-05
7.6000578701496124e-06
0.00014041364192962646
8.732968126423657e-08
0.00013834238052368164
0.0056078433990478516
4.584901034832001e-05
0.019186019897460938
9.98983159661293e-06
0.001638650894165039
0.0004418492317199707
0.00011790916323661804
3.3533433452248573e-07
0.0001244470477104187
9.510666131973267e-05
0.0058095455169677734
0.0015701055526733398
0.0010569095611572266
9.31648537516594e-06
3.619678318500519e-05
0.00015778839588165283
0.026033401489257812
1.1075098882429302e-07
0.008893489837646484
5.375593900680542e-06
0.00012664496898651123
2.004764974117279e-05
9.394250810146332e-06
0.00010532885789871216
4.3451786041259766e-05
5.628680810332298e-06
8.050724864006042e-05
0.02203655242919922
0.000492095947265625
0.00012664496898651123
0.0055010318756103516
0.0006289780139923096
0.00327455997467041
0.02203655242919922
0.019186019897460938
0.0055010318756103516
0.001390695571899414
0.0014497637748718262
8.050724864006042e-05
0.0004418492317199707
5.375593900680542e-06
0.026033401489257812
3.954162821173668e-06
0.0027424097061157227
2.109212800860405e-06
0.034564971923828125
0.0003985762596130371
0.008893489837646484
0.0001231655478477478
0.026033401489257812
2.714339643716812e-05
4.584901034832001e-05
0.001623690128326416
0.0007562935352325439
0.0007826685905456543
1.74790620803833e-05
0.00040963292121887207
0.0007259249687194824
0.019186019897460938
3.0213268473744392e-06
0.0001244470477104187
1.1650845408439636e-06
8.009001612663269e-05
1.2974254786968231e-05
0.001638650894165039
0.0055010318756103516
9.314098861068487e-07
6.905198097229004e-05
0.005077362060546875
0.000492095947265625
4.584901034832001e-05
0.00013834238052368164
0.0007259249687194824
0.0055010318756103516
0.0010439157485961914
1.0533258318901062e-05
0.02203655242919922
6.828084588050842e-05
4.08245250582695e-06
0.0017057061195373535
0.00011790916323661804
0.00019024312496185303
6.846711039543152e-05
0.0007259249687194824
0.02203655242919922
4.08245250582695e-06
0.0055010318756103516
0.00012664496898651123
0.001325070858001709
2.3917527869343758e-06
9.98983159661293e-06
1.0676681995391846e-05
0.0024933815002441406
4.584901034832001e-05
6.182584911584854e-06
0.0005762279033660889
0.010897159576416016
1.7852289602160454e-06
0.00033958256244659424
0.0001244470477104187
0.0010262727737426758
0.00792837142944336
2.126739673258271e-09
0.0002587437629699707
2.138223499059677e-05
4.157237708568573e-05
8.932314813137054e-06
0.0024933815002441406
0.00012664496898651123
0.00012664496898651123
8.352566510438919e-06
0.008893489837646484
0.019186019897460938
0.019186019897460938
0.00023394078016281128
5.375593900680542e-06
7.281079888343811e-05
9.17091965675354e-05
0.0003985762596130371
0.00010417401790618896
8.932314813137054e-06
0.00045993924140930176
0.0015701055526733398
0.0027424097061157227
0.00013834238052368164
0.0008276998996734619
0.001623690128326416
3.5587698221206665e-05
0.002721071243286133
0.0010439157485961914
0.0007582902908325195
0.000279158353805542
0.026033401489257812
0.009760379791259766
0.0006842911243438721
0.0007826685905456543
0.00011790916323661804
0.00792837142944336
0.019186019897460938
0.0001244470477104187
3.025197656825185e-07
0.000492095947265625
0.0006602704524993896
0.0015701055526733398
0.0016463398933410645
4.08245250582695e-06
4.442990757524967e-07
0.01840496063232422
2.004764974117279e-05
0.010897159576416016
1.8542632460594177e-05
0.0003985762596130371
0.00033248960971832275
9.98983159661293e-06
0.0010214447975158691
0.001679837703704834
4.3451786041259766e-05
0.0003932565450668335
0.01840496063232422
0.0014870762825012207
6.025584298186004e-08
1.2986711226403713e-06
5.717948079109192e-05
3.5587698221206665e-05
0.019186019897460938
0.0015701055526733398
0.00012664496898651123
0.0003781914710998535
0.00012664496898651123
0.0015069842338562012
0.0055010318756103516
0.01840496063232422
7.0820096880197525e-06
0.008893489837646484
2.6456546038389206e-06
2.7152709662914276e-06
0.0002331957221031189
0.0027424097061157227
0.0055010318756103516
0.00014659017324447632
4.584901034832001e-05
0.0007562935352325439
0.000540316104888916
4.584901034832001e-05
0.0029098987579345703
5.5694952607154846e-05
0.000218220055103302
0.026033401489257812
6.153015419840813e-06
0.0055010318756103516
5.642697215080261e-05
7.750466465950012e-06
5.642697215080261e-05
2.774527274596039e-09
7.017282769083977e-06
0.00044010579586029053
0.01840496063232422
0.00014290213584899902
0.034564971923828125
0.0004418492317199707
0.0020967721939086914
0.001679837703704834
0.0003985762596130371
7.487460970878601e-05
0.0006602704524993896
4.08245250582695e-06
7.281079888343811e-05
5.173031240701675e-06
0.0005000829696655273
0.0007259249687194824
0.01840496063232422
0.0002624392509460449
4.891808202955872e-08
0.00012664496898651123
0.01840496063232422
0.0027424097061157227
9.778887033462524e-06
0.0010325312614440918
1.0520670912228525e-07
0.003311634063720703
1.3881362974643707e-06
0.0021671056747436523
0.003311634063720703
0.02203655242919922
0.0010262727737426758
0.0001231655478477478
2.818069333443418e-09
7.281079888343811e-05
0.0034204721450805664
2.463202690705657e-07
0.0032911300659179688
3.1055882573127747e-05
0.010897159576416016
2.8555281460285187e-05
0.00012664496898651123
2.6477209758013487e-07
0.02203655242919922
0.0001968666911125183
4.0922313928604126e-05
0.008893489837646484
0.007586002349853516
0.0014870762825012207
0.01840496063232422
8.896749932318926e-07
0.0006950497627258301
0.0002331957221031189
0.0003932565450668335
0.00024521350860595703
0.0014986991882324219
3.030523657798767e-06
0.019186019897460938
0.0011736750602722168
0.0002624392509460449
0.00024521350860595703
0.02203655242919922
0.0055010318756103516
0.019186019897460938
0.00014659017324447632
0.01840496063232422
4.584901034832001e-05
0.0015701055526733398
0.01840496063232422
0.00012664496898651123
0.0005390942096710205
0.026033401489257812
0.0020967721939086914
8.281785994768143e-06
0.0002624392509460449
0.0001244470477104187
0.0007562935352325439
0.001094520092010498
0.019186019897460938
0.0006816983222961426
0.0055010318756103516
1.1321390047669411e-07
0.0055010318756103516
1.1943629942834377e-06
4.584901034832001e-05
8.815841283649206e-07
5.554594099521637e-05
0.00033169984817504883
7.377937436103821e-06
0.0003985762596130371
0.00036278367042541504
0.010897159576416016
5.882931873202324e-06
0.00012664496898651123
0.005384683609008789
0.00037832558155059814
0.004244089126586914
2.4315668269991875e-06
0.0029076337814331055
0.0032835006713867188
2.7345777198206633e-08
0.0011889338493347168
0.001390695571899414
3.785453736782074e-05
6.22086226940155e-05
0.019186019897460938
3.2104551792144775e-05
0.0055010318756103516
1.74790620803833e-05
3.341585397720337e-06
0.0007402002811431885
0.010897159576416016
3.5587698221206665e-05
0.00012664496898651123
0.0006123185157775879
0.00014570355415344238
0.0059452056884765625
0.01840496063232422
0.00017185509204864502
0.01840496063232422
0.01840496063232422
0.0020967721939086914
0.00012664496898651123
0.00012664496898651123
0.0058095455169677734
0.00021095573902130127
0.02203655242919922
0.0055010318756103516
0.010897159576416016
4.414096474647522e-05
3.445748006924987e-07
0.0006950497627258301
0.0010262727737426758
1.4266930520534515e-05
0.0002624392509460449
0.0020967721939086914
0.000355452299118042
1.8835999071598053e-05
6.22086226940155e-05
0.00031057000160217285
0.0007562935352325439
0.0007259249687194824
1.587832230143249e-07
1.7852289602160454e-06
2.714339643716812e-05
0.00033958256244659424
0.00033958256244659424
0.019186019897460938
0.000492095947265625
0.00012664496898651123
0.00013834238052368164
5.628680810332298e-06
7.281079888343811e-05
0.0022772550582885742
0.019186019897460938
1.886801328510046e-07
0.0055010318756103516
0.00013834238052368164
0.005077362060546875
0.0007562935352325439
0.007586002349853516
2.004764974117279e-05
8.544884622097015e-06
1.74790620803833e-05
0.0005025267601013184
0.000492095947265625
0.0004418492317199707
0.001736462116241455
1.856733433669433e-08
0.0001469925045967102
3.91458161175251e-06
0.019186019897460938
0.010897159576416016
0.034564971923828125
0.0006602704524993896
0.005077362060546875
2.760067582130432e-05
0.008893489837646484
0.010897159576416016
0.008893489837646484
1.8249265849590302e-06
0.019186019897460938
6.557628512382507e-05
2.330634742975235e-06
1.0533258318901062e-05
0.0006383061408996582
0.0021817684173583984
0.0055010318756103516
0.01840496063232422
0.0037785768508911133
0.00012664496898651123
0.019186019897460938
0.010897159576416016
7.281079888343811e-05
0.000279158353805542
8.234835036091681e-11
1.9096769392490387e-05
0.00046344101428985596
7.384642958641052e-05
0.0027424097061157227
0.010897159576416016
0.010897159576416016
0.010897159576416016
0.000492095947265625
0.01840496063232422
0.0006602704524993896
0.0018233656883239746
7.281079888343811e-05
5.642697215080261e-05
3.864988684654236e-05
0.00012664496898651123
9.1892434284091e-07
0.00012664496898651123
0.026033401489257812
0.0055010318756103516
0.0002624392509460449
1.0533258318901062e-05
0.006018400192260742
1.8542632460594177e-05
0.02203655242919922
1.7648562788963318e-07
0.0005025267601013184
5.302485078573227e-06
0.026033401489257812
0.010897159576416016
0.0001231655478477478
0.00012664496898651123
0.0006602704524993896
0.0002754777669906616
0.026033401489257812
5.642697215080261e-05
0.0002624392509460449
0.00014659017324447632
0.00012664496898651123
0.00013834238052368164
0.010897159576416016
0.019186019897460938
0.0055010318756103516
1.5869773051235825e-08
0.005384683609008789
0.01840496063232422
0.00033958256244659424
1.3094977475702763e-06
2.5490298867225647e-06
7.608672603964806e-06
0.000540316104888916
0.0002754777669906616
0.002776026725769043
1.8738210201263428e-06
0.0010569095611572266
0.0007259249687194824
8.523091673851013e-05
0.00014659017324447632
0.0011050105094909668
0.00012664496898651123
0.0055010318756103516
1.270463690161705e-05
0.01840496063232422
1.3136013876646757e-07
0.0007259249687194824
0.0055010318756103516
0.0020967721939086914
0.01840496063232422
5.717948079109192e-05
0.005384683609008789
4.73664840683341e-07
8.050724864006042e-05
1.3136013876646757e-07
0.0055010318756103516
0.0055010318756103516
0.0003932565450668335
1.0170697350986302e-07
5.375593900680542e-06
4.08245250582695e-06
0.00044010579586029053
0.019186019897460938
0.019186019897460938
0.019186019897460938
0.00012664496898651123
9.578070603311062e-07
4.584901034832001e-05
3.864988684654236e-05
0.0007259249687194824
0.026033401489257812
0.008893489837646484
7.281079888343811e-05
0.013928890228271484
0.0012543797492980957
0.0007562935352325439
1.8835999071598053e-05
0.0055010318756103516
4.3451786041259766e-05
1.0275747627019882e-05
0.00033958256244659424
0.0021817684173583984
0.0055010318756103516
3.621913492679596e-05
0.010897159576416016
1.4792312867939472e-06
0.00011199340224266052
6.764661520719528e-06
0.034564971923828125
7.281079888343811e-05
7.750466465950012e-06
0.0008276998996734619
9.098948794417083e-08
0.00012664496898651123
1.4699064195156097e-05
0.034564971923828125
1.325315679423511e-07
0.0027424097061157227
0.004157304763793945
0.026033401489257812
0.00033169984817504883
0.0001604706048965454
0.00013788044452667236
0.005077362060546875
0.0007562935352325439
7.466951501555741e-09
4.178727976977825e-07
0.005634784698486328
0.0055010318756103516
3.365613520145416e-05
1.0170697350986302e-07
0.0029098987579345703
2.628471702337265e-05
0.0009918212890625
0.026033401489257812
0.0001604706048965454
7.511989679187536e-07
6.599584594368935e-06
0.001623690128326416
0.008893489837646484
0.00033248960971832275
0.00012664496898651123
7.281079888343811e-05
0.0003291517496109009
7.057678885757923e-08
1.3781827874481678e-06
4.1078776121139526e-05
6.852438673377037e-06
5.375593900680542e-06
0.034564971923828125
0.01840496063232422
0.0055010318756103516
0.00340425968170166
0.01840496063232422
0.002721071243286133
0.0021671056747436523
0.0010214447975158691
0.005077362060546875
7.281079888343811e-05
4.3451786041259766e-05
5.748588591814041e-06
4.584901034832001e-05
4.414096474647522e-05
0.0027424097061157227
6.557628512382507e-05
9.156018495559692e-05
0.00033248960971832275
3.0029332265257835e-07
0.0001604706048965454
0.00012664496898651123
0.0055010318756103516
0.019186019897460938
0.00023394078016281128
0.00021062791347503662
8.247734513133764e-07
0.0015069842338562012
3.564171493053436e-05
0.00014659017324447632
0.0001604706048965454
1.0848511010408401e-05
0.0022772550582885742
1.2708362191915512e-05
0.000492095947265625
0.0015701055526733398
1.0279836715199053e-07
0.00792837142944336
0.026033401489257812
0.0022772550582885742
0.00012664496898651123
0.0055010318756103516
6.905198097229004e-05
0.0007826685905456543
0.0032835006713867188
0.008893489837646484
0.001016855239868164
0.0055010318756103516
2.3727305233478546e-05
2.4489127099514008e-06
8.281785994768143e-06
0.00038589537143707275
0.01840496063232422
3.847526386380196e-06
0.000492095947265625
0.0006950497627258301
3.975001163780689e-07
0.00011720135807991028
0.00013834238052368164
0.0021671056747436523
0.001638650894165039
9.723007678985596e-06
0.003311634063720703
1.9199796952307224e-07
0.00032508373260498047
0.0004418492317199707
0.010897159576416016
0.007586002349853516
0.01840496063232422
0.00010034069418907166
0.0012366771697998047
0.00015219300985336304
6.931486495886929e-09
0.0027424097061157227
0.0027518272399902344
4.3451786041259766e-05
3.5587698221206665e-05
0.008893489837646484
5.251262336969376e-06
0.0002624392509460449
0.00013834238052368164
0.0055010318756103516
0.0005025267601013184
0.0037785768508911133
1.6913400031626225e-06
0.01840496063232422
0.019186019897460938
5.236870492808521e-08
0.0006289780139923096
5.418551154434681e-07
0.010897159576416016
0.00047653913497924805
0.003311634063720703
0.0024933815002441406
0.019186019897460938
0.00367128849029541
0.019186019897460938
3.864988684654236e-05
0.02203655242919922
0.00014290213584899902
6.234040483832359e-06
0.00011790916323661804
0.0001231655478477478
7.202848792076111e-05
0.0007562935352325439
1.0848511010408401e-05
9.045106708072126e-08
0.026033401489257812
5.375593900680542e-06
0.0012543797492980957
0.00017229467630386353
0.02203655242919922
8.523091673851013e-05
1.2155396689195186e-08
0.000540316104888916
0.0002624392509460449
0.0032835006713867188
1.3623775885207579e-08
0.0034204721450805664
0.01840496063232422
0.0001244470477104187
0.00013834238052368164
0.004244089126586914
1.7852289602160454e-06
6.599584594368935e-06
0.0007259249687194824
3.5587698221206665e-05
0.0032911300659179688
0.00012968480587005615
0.0032835006713867188
2.7377973310649395e-07
0.0015069842338562012
0.008893489837646484
0.00020759552717208862
0.00012214481830596924
0.019186019897460938
0.0034204721450805664
0.02203655242919922
7.189065217971802e-05
0.0055010318756103516
0.0055010318756103516
3.5587698221206665e-05
0.00033248960971832275
0.0010569095611572266
1.8835999071598053e-05
3.975001163780689e-07
8.281785994768143e-06
1.2034084647893906e-05
5.642697215080261e-05
0.019186019897460938
0.026033401489257812
9.236973710358143e-07
0.001736462116241455
7.281079888343811e-05
1.3162847608327866e-05
0.0003781914710998535
0.00044010579586029053
0.00012664496898651123
0.0032911300659179688
0.00023394078016281128
0.0010439157485961914
1.8835999071598053e-05
0.0008967816829681396
0.002776026725769043
0.0007562935352325439
0.010897159576416016
0.01840496063232422
7.578648819617229e-10
1.5662983059883118e-05
0.00012664496898651123
0.0055010318756103516
0.000540316104888916
0.001325070858001709
0.005077362060546875
0.00012664496898651123
0.0004332214593887329
0.0003985762596130371
0.00013788044452667236
0.026033401489257812
0.000540316104888916
6.401634777830623e-11
0.0010569095611572266
8.281785994768143e-06
1.0583898983895779e-06
3.3080577850341797e-06
0.0006383061408996582
0.0004418492317199707
0.01840496063232422
0.019186019897460938
0.00014659017324447632
8.932314813137054e-06
0.000492095947265625
0.0022772550582885742
7.281079888343811e-05
0.00012664496898651123
0.00033248960971832275
0.003311634063720703
0.026033401489257812
0.000218220055103302
8.281785994768143e-06
4.08245250582695e-06
7.057678885757923e-08
0.026033401489257812
0.004157304763793945
1.528009306639433e-06
0.001016855239868164
5.717948079109192e-05
0.019186019897460938
0.00010783970355987549
0.008893489837646484
5.717948079109192e-05
0.0055010318756103516
0.005384683609008789
3.975001163780689e-07
0.00012968480587005615
0.000540316104888916
1.3781827874481678e-06
0.019186019897460938
7.750466465950012e-06
0.008893489837646484
3.445748006924987e-07
0.026033401489257812
3.72710928786546e-08
5.375593900680542e-06
0.0007562935352325439
0.01840496063232422
0.001623690128326416
7.281079888343811e-05
0.008893489837646484
0.001736462116241455
0.00010342150926589966
0.0055010318756103516
0.0022772550582885742
0.002454519271850586
0.00012664496898651123
0.001325070858001709
0.001679837703704834
0.0024933815002441406
0.00014659017324447632
0.000540316104888916
0.0008558332920074463
0.0017057061195373535
0.01840496063232422
4.08245250582695e-06
1.973845064640045e-05
0.00015904754400253296
0.005077362060546875
0.008893489837646484
4.73664840683341e-07
0.0022772550582885742
0.034564971923828125
5.0622475100681186e-08
0.0003001987934112549
0.00033958256244659424
2.4965964257717133e-05
1.7852289602160454e-06
3.847526386380196e-06
0.0010262727737426758
0.00012664496898651123
0.026033401489257812
0.0006123185157775879
0.0027424097061157227
0.0007259249687194824
0.00017909705638885498
0.006018400192260742
0.019186019897460938
2.20397487282753e-06
0.0007259249687194824
0.008893489837646484
0.008893489837646484
0.00044010579586029053
0.001638650894165039
0.0007259249687194824
0.01840496063232422
1.0402407497167587e-05
7.281079888343811e-05
0.02203655242919922
0.026033401489257812
4.08245250582695e-06
0.0058095455169677734
0.0020967721939086914
0.01840496063232422
0.0004418492317199707
0.00012664496898651123
0.0003911256790161133
0.0027424097061157227
0.026033401489257812
0.0006123185157775879
0.013928890228271484
0.00013834238052368164
0.00028033554553985596
4.584901034832001e-05
4.584901034832001e-05
0.0003985762596130371
5.7916338391805766e-11
1.0275747627019882e-05
0.0005025267601013184
0.0022772550582885742
9.286776185035706e-05
0.00019488483667373657
0.008893489837646484
0.0001604706048965454
0.019186019897460938
4.2860847315751016e-08
0.0022772550582885742
4.73664840683341e-07
4.129856824874878e-05
0.0055010318756103516
1.741945743560791e-05
0.0029098987579345703
0.001325070858001709
2.092123031616211e-05
2.2913329303264618e-05
0.0003437846899032593
7.281079888343811e-05
0.02203655242919922
3.001332515850663e-09
0.008893489837646484
0.0055010318756103516
0.0006950497627258301
0.0029076337814331055
0.00012664496898651123
0.026033401489257812
0.001390695571899414
0.001623690128326416
0.0006289780139923096
0.00012664496898651123
0.00010925158858299255
0.010897159576416016
0.0005656182765960693
0.0003551393747329712
0.0010325312614440918
0.0055010318756103516
0.0027927160263061523
5.375593900680542e-06
5.642697215080261e-05
3.782770363613963e-07
0.01840496063232422
0.0014986991882324219
0.00023394078016281128
0.0032835006713867188
3.4368131309747696e-06
5.375593900680542e-06
0.01840496063232422
9.51625406742096e-06
0.019186019897460938
7.281079888343811e-05
0.0007259249687194824
0.007586002349853516
0.00023394078016281128
0.00012664496898651123
0.0006383061408996582
0.01840496063232422
0.019186019897460938
0.001325070858001709
5.275756120681763e-05
0.00013834238052368164
0.019186019897460938
8.050724864006042e-05
3.911845851689577e-07
0.010897159576416016
0.01840496063232422
5.870824679732323e-06
0.0055010318756103516
2.6895664632320404e-05
2.2205058485269547e-06
0.019186019897460938
4.584901034832001e-05
0.0055010318756103516
0.019186019897460938
4.3451786041259766e-05
3.0139926820993423e-06
0.00017185509204864502
1.141522079706192e-05
0.0002624392509460449
0.00020796805620193481
6.599584594368935e-06
3.864988684654236e-05
0.0055010318756103516
2.0612962543964386e-05
1.74790620803833e-05
0.01840496063232422
0.00327455997467041
0.0027518272399902344
7.281079888343811e-05
0.0058095455169677734
5.642697215080261e-05
0.002568960189819336
2.321787178516388e-05
0.019186019897460938
6.22086226940155e-05
0.0055010318756103516
2.330634742975235e-06
0.01840496063232422
6.557628512382507e-05
0.0007966756820678711
8.281785994768143e-06
0.026033401489257812
0.0055010318756103516
0.000218220055103302
6.164982914924622e-05
0.00027076900005340576
0.00012664496898651123
3.0350929591804743e-07
5.449110176414251e-07
1.902598887681961e-05
0.01840496063232422
0.02203655242919922
2.1843239665031433e-05
0.0055010318756103516
0.00011717155575752258
0.0011647343635559082
1.5475961845368147e-07
1.8835999071598053e-05
8.765491656959057e-07
9.136419976130128e-08
7.281079888343811e-05
0.004244089126586914
7.78265530243516e-07
0.0001491755247116089
0.0007259249687194824
8.050724864006042e-05
0.001139819622039795
1.4257384464144707e-06
4.08245250582695e-06
0.0007562935352325439
4.73664840683341e-07
4.838220775127411e-06
2.6726629585027695e-06
0.000492095947265625
1.8835999071598053e-05
0.00012664496898651123
0.000540316104888916
0.005077362060546875
0.008893489837646484
4.0922313928604126e-05
2.628471702337265e-05
1.1208385330974124e-09
0.0055010318756103516
0.00020796805620193481
0.00340425968170166
0.0004418492317199707
0.0055010318756103516
1.7922866391018033e-07
3.822892904281616e-05
0.0055010318756103516
0.00012163817882537842
6.711707101203501e-08
0.00014659017324447632
5.555023108172463e-11
0.02203655242919922
0.00016532838344573975
0.00013834238052368164
0.00012664496898651123
0.002454519271850586
0.0007259249687194824
0.000492095947265625
5.882931873202324e-06
0.0003985762596130371
1.8835999071598053e-05
0.0001170225441455841
1.1879819794557989e-07
0.00047329068183898926
1.2034084647893906e-05
1.4472752809524536e-06
0.008893489837646484
6.800750270485878e-06
2.064509317278862e-06
0.0010262727737426758
5.275756120681763e-05
0.026033401489257812
7.750466465950012e-06
3.5587698221206665e-05
0.00014659017324447632
0.0055010318756103516
0.00012664496898651123
5.642697215080261e-05
0.004251003265380859
1.1122901923954487e-06
0.00013855844736099243
0.019186019897460938
5.642697215080261e-05
0.01840496063232422
2.0142579160165042e-08
0.02203655242919922
0.008893489837646484
0.00013834238052368164
0.02203655242919922
4.3451786041259766e-05
0.0003781914710998535
0.034564971923828125
0.0005025267601013184
0.00012664496898651123
0.005077362060546875
0.019186019897460938
0.0007259249687194824
0.00011662021279335022
9.394250810146332e-06
0.00012664496898651123
0.01840496063232422
3.5587698221206665e-05
1.8668943084776402e-06
0.00012664496898651123
9.31648537516594e-06
2.4489127099514008e-06
0.026033401489257812
0.00037980079650878906
0.02203655242919922
0.019186019897460938
9.578070603311062e-07
5.642697215080261e-05
0.002568960189819336
0.001325070858001709
0.0004418492317199707
0.0029076337814331055
9.31648537516594e-06
0.0021671056747436523
3.5587698221206665e-05
0.001390695571899414
8.523091673851013e-05
4.694610834121704e-05
0.0007562935352325439
0.019186019897460938
9.578070603311062e-07
0.0001244470477104187
3.5587698221206665e-05
2.735760062932968e-07
4.798057489097118e-07
0.00033958256244659424
1.0707881301641464e-06
2.0612962543964386e-05
0.0010214447975158691
7.511989679187536e-07
8.523091673851013e-05
0.001390695571899414
0.019186019897460938
0.0007259249687194824
0.00013815611600875854
1.6532838344573975e-05
0.0015701055526733398
0.01840496063232422
6.22086226940155e-05
2.1424784790724516e-07
0.01840496063232422
0.0013287067413330078
0.019186019897460938
0.000540316104888916
0.0003911256790161133
0.008893489837646484
4.3451786041259766e-05
0.0001469925045967102
0.0005358755588531494
0.0008967816829681396
0.0007562935352325439
0.019186019897460938
0.013928890228271484
0.00011790916323661804
1.0533258318901062e-05
0.0014870762825012207
0.019186019897460938
0.00017349421977996826
0.0055010318756103516
0.0001604706048965454
3.3150427043437958e-06
0.0002624392509460449
0.0007259249687194824
0.0013287067413330078
0.002568960189819336
4.73664840683341e-07
0.0021201372146606445
0.0007259249687194824
0.019186019897460938
4.414096474647522e-05
0.0055010318756103516
0.00014543533325195312
8.352566510438919e-06
0.0003985762596130371
0.034564971923828125
0.0010325312614440918
4.73664840683341e-07
0.008893489837646484
0.0007562935352325439
0.0007259249687194824
0.0055010318756103516
0.0055010318756103516
8.757691830396652e-06
0.0055010318756103516
4.08245250582695e-06
2.970825880765915e-05
0.01840496063232422
0.0037785768508911133
0.0014870762825012207
0.01840496063232422
0.00018250197172164917
0.002454519271850586
0.019186019897460938
0.019186019897460938
7.129460573196411e-05
0.00044010579586029053
0.0007259249687194824
0.0020967721939086914
0.01840496063232422
0.02203655242919922
0.019186019897460938
0.0002462714910507202
2.064509317278862e-06
0.010897159576416016
8.991919457912445e-06
6.800750270485878e-06
0.0013287067413330078
0.034564971923828125
9.578070603311062e-07
0.0029076337814331055
0.019186019897460938
0.02203655242919922
0.00012664496898651123
0.0003103315830230713
0.0032835006713867188
0.001623690128326416
0.01840496063232422
0.0006950497627258301
0.019186019897460938
0.0006950497627258301
0.0002624392509460449
0.001390695571899414
0.004946231842041016
0.000218220055103302
0.0018432140350341797
0.00013834238052368164
0.0055010318756103516
0.0005550682544708252
0.0055010318756103516
0.00011662021279335022
0.0006383061408996582
1.0533258318901062e-05
0.00012082979083061218
4.73664840683341e-07
0.008893489837646484
