0.003337359655405102
0.0004606868701717841
6.040109425004556e-05
0.0015106360395923408
0.0016459886644835339
0.00021116169780843047
0.0026915918223784233
0.001553191360840562
0.0006582500977586237
0.012258308047123627
0.0009975533283603077
0.00017046097931665196
0.030164471121156014
3.360865606471999e-05
0.003021888979793255
0.013928353130671332
0.0034900978067834293
0.0012292226708286828
0.005403663753912171
0.004959160958974024
0.0058170489230442105
0.0034012393368448813
0.012258308047123627
0.0003865379714728251
0.007718217866291236
0.007718217866291236
8.093302105151691e-05
0.0024881358682777638
0.030164471121156014
0.013928353130671332
0.0034416603565011025
0.00047330987380497964
0.0037915820446577987
0.0030250924861299606
0.0009807284193002496
1.1391666193292724e-07
0.012404146947086938
0.007718217866291236
0.0027584882448223767
0.030164471121156014
0.003280907898759094
0.0022432917075572894
7.628232334693386e-05
0.002065776374062948
0.001164725979704767
0.004959160958974024
0.0007151115497980973
0.0017897977173646192
5.339823912439831e-05
0.002119496560376146
0.00012879800097004334
0.0014899886248676015
0.0029609640019027422
0.0003073575148874624
0.030164471121156014
1.0201002065582127e-05
0.00023131464033939939
0.001553191360840562
0.0023992482698110868
0.0013906962258235299
0.0014899886248676015
0.00019378787668473518
0.00025609408479531455
0.003030424288279411
0.01271062685965384
0.002726123813838781
0.00047001052717210836
0.010010483263058511
0.012404146947086938
0.005802817846780592
0.005403663753912171
9.7949197223445e-05
5.491115692091153e-06
3.3800369427430116e-06
0.00011419003126799526
0.012258308047123627
0.001150847812365352
0.0011974876379265147
0.001265770563980056
0.0006584197364565055
0.002414905554046107
0.013928353130671332
0.000687136185389577
0.012258308047123627
0.0019240603368083633
0.001559747533339601
0.012258308047123627
0.0034900978067834293
0.0021077260858138012
0.0015981667581681552
0.007105567839714567
0.01271062685965384
0.013928353130671332
0.0027584882448223767
0.0006578099265760625
0.010010483263058511
2.676117094632842e-05
0.001755642264044043
0.030164471121156014
0.0012540013646248622
0.012258308047123627
0.006544304133515155
0.006544304133515155
4.1492239035139517e-07
0.0028909971378210347
0.004959160958974024
0.0071889385921535525
0.0010336311463503183
0.013928353130671332
0.0006185579411931903
0.0017897977173646192
0.001150847812365352
0.012258308047123627
1.7821432260892774e-05
0.00015651801039927825
0.004959160958974024
0.012404146947086938
0.0003522233054347782
0.030164471121156014
0.0029609640019027422
0.001580154795459642
0.0026915918223784233
0.004959160958974024
0.01271062685965384
0.0013840821443707827
0.0058170489230442105
9.974610536306761e-05
0.012258308047123627
0.012258308047123627
0.011291658094629599
2.7782098410942223e-05
0.013928353130671332
0.0008059186282822943
0.003032041255746379
0.0003392180339592647
1.5997371121279774e-06
0.0006185579411931903
0.0034900978067834293
0.008073568244352384
0.0008071946167961612
0.0003991066199654958
0.00038098696823212017
0.0012292226708286828
0.0009807284193002496
1.6975663226258438e-05
0.001580154795459642
0.013928353130671332
0.030164471121156014
3.10077088753369e-05
0.0034900978067834293
0.012404146947086938
0.0017897977173646192
0.00021116169780843047
0.0002936148758696782
0.002444214014131014
0.0016459886644835339
0.00017605311115580962
0.000972184832233546
0.002358103937614898
0.0007020181636906942
0.012404146947086938
0.0001651861846546092
0.0022101970187314297
0.030164471121156014
0.007105567839714567
0.0019711876958426497
0.0032336754455387063
0.007718217866291236
3.270134950188056e-05
0.007105567839714567
0.004959160958974024
0.0005243983590036455
0.0008577540449681222
0.0011723123492356526
0.01271062685965384
0.002444214014131014
0.030164471121156014
0.030164471121156014
0.0005937055341387926
3.036589844693585e-06
3.380390271284133e-05
0.001559747533339601
0.0010790969866252094
0.013928353130671332
0.0019711876958426497
0.030164471121156014
0.0021717847935196375
0.0021077260858138012
0.00044821812086590605
5.291816138837087e-05
0.0018858746373694437
2.2483077654387486e-05
0.0058170489230442105
0.0008016420546312951
0.0009233730059362484
7.815279154125415e-05
0.0005628509104317974
0.010186211108098092
5.1186857739423264e-05
0.0034900978067834293
0.010186211108098092
0.0026915918223784233
0.011291658094629599
0.01271062685965384
0.0034900978067834293
0.013928353130671332
0.007718217866291236
0.00014582676745674133
4.263109877359001e-05
9.228432843041848e-05
0.0027584882448223767
0.0016816374457725605
0.007365440869331647
0.008073568244352384
0.0004141270092419638
0.0034900978067834293
0.0026915918223784233
0.0034900978067834293
5.235543027749638e-06
0.030164471121156014
0.030164471121156014
0.030164471121156014
0.0010641206995601659
0.0016816374457725605
0.0005358376735842933
0.01271062685965384
5.8919229053071374e-05
0.030164471121156014
0.0071889385921535525
0.01271062685965384
0.0022432917075572894
0.00010571632316328308
0.013928353130671332
5.4434615926498946e-06
0.0008135853970417887
0.0058170489230442105
0.0017897977173646192
0.012258308047123627
0.00014775013301634304
0.008073568244352384
0.0019711876958426497
0.012404146947086938
0.0029215288481007286
0.0012292226708286828
0.0014390688897867143
0.0008282790284398862
0.0012292226708286828
0.011291658094629599
0.005403663753912171
0.00042644005068194057
0.001553191360840562
0.01271062685965384
0.0001592376685444646
0.00014299857431663123
0.003003876197044061
4.07868117866016e-06
0.0010336311463503183
0.001959262137849912
0.0021077260858138012
0.003158551022285963
0.007718217866291236
0.013928353130671332
0.010186211108098092
0.0004606868701717841
3.1506167654578743e-05
0.003337359655405102
0.001585797927061535
0.0034900978067834293
0.004959160958974024
0.0007151115497980973
0.030164471121156014
0.002726123813838781
0.00029997397950078846
0.0020092362709542696
0.0028909971378210347
0.0010336311463503183
0.030164471121156014
0.003280907898759094
2.2136468244525476e-06
0.000155907517239302
0.030164471121156014
0.0006419692390395404
0.003337359655405102
0.0034900978067834293
0.012258308047123627
0.001150847812365352
0.0018413406057544964
0.001416681809022006
0.0003877223988280501
0.005802817846780592
0.00015019343498876925
0.00023436872421932426
0.004959160958974024
3.925550837914453e-06
0.0013828679603167383
0.0012292226708286828
0.00015290597995351856
9.654993347571689e-05
2.4867618874711492e-05
0.0004610161468913739
0.0034012393368448813
3.09841335314337e-10
0.0007954326816111325
0.010010483263058511
0.000477559525383856
0.0034900978067834293
0.0021077260858138012
0.0006578099265760625
0.004959160958974024
0.0027584882448223767
0.010186211108098092
0.002065776374062948
0.0009575689846457185
0.010010483263058511
0.012404146947086938
0.0034900978067834293
0.0013840821443707827
0.00015019343498876925
0.010010483263058511
0.0015106360395923408
9.86185177693534e-06
0.010186211108098092
0.0022432917075572894
8.99435604114437e-05
0.001580154795459642
1.575659198537133e-05
0.0003392180339592647
0.007718217866291236
0.008073568244352384
0.0034416603565011025
0.0016459886644835339
0.030164471121156014
0.000540381343570628
0.0008071946167961612
0.0008250356850242153
2.1995488515991028e-05
0.0002965505407797873
0.030164471121156014
0.0009575689846457185
0.0022432917075572894
0.0006419692390395404
0.00023651430365395848
0.001366972704895208
0.012258308047123627
0.010010483263058511
0.012404146947086938
0.0002779557917904616
0.0058170489230442105
0.010010483263058511
0.007718217866291236
4.77266600806131e-10
0.0034416603565011025
0.030164471121156014
0.005403663753912171
0.0012292226708286828
0.007365440869331647
0.010010483263058511
0.012404146947086938
0.0016707489578799434
4.858495493970756e-05
0.00015679593068073424
0.007718217866291236
0.012258308047123627
0.0016707489578799434
0.008073568244352384
0.0034900978067834293
0.0017518560626171428
0.005802817846780592
0.012404146947086938
0.00015122567872264498
6.799255038518557e-06
0.0012540013646248622
0.0014497645690381869
0.0010336311463503183
0.007718217866291236
0.012258308047123627
0.0003052942235901345
0.0058170489230442105
0.00047232464195764035
0.01271062685965384
0.0034900978067834293
0.01271062685965384
4.263109877359001e-05
0.0029609640019027422
0.011291658094629599
0.0013828679603167383
9.228432843041848e-05
0.030164471121156014
2.7782098410942223e-05
0.0007020181636906942
0.004959160958974024
0.0027584882448223767
6.427930618006089e-07
0.030164471121156014
0.0004589114523652926
0.005403663753912171
0.0058170489230442105
0.030164471121156014
0.0010191583133727748
3.211918442359851e-07
0.0003191152390549651
0.004959160958974024
0.010186211108098092
0.012258308047123627
0.002489821159518222
0.004959160958974024
0.004959160958974024
0.0004564762578475653
0.0019344308033409953
2.4066671409638928e-05
0.001818093548568071
3.1025529367845195e-14
0.001150847812365352
0.012404146947086938
0.01271062685965384
0.00011279389131706782
0.00042644005068194057
0.012404146947086938
5.421829385791194e-06
0.00038910066723769985
0.0012558451446606244
0.0071889385921535525
0.0005034561660307627
1.4176913204641539e-05
0.0058170489230442105
0.013928353130671332
0.0037915820446577987
0.0003482319236829774
0.007718217866291236
0.010010483263058511
0.01271062685965384
0.002427972590913735
0.0013840821443707827
4.527413130122997e-05
0.0034900978067834293
0.00011051774600222318
0.000519942420181546
0.0012540013646248622
0.0009975533283603077
0.0005693207494524557
0.0006553232826366799
0.0005665462430639997
0.001959262137849912
0.003280907898759094
0.0029340904468578718
0.030164471121156014
0.030164471121156014
0.0009184731655197936
0.00042309616164070037
0.0004615242144348432
0.0009998142236078826
0.005903861452506542
0.001104762723281672
0.0020092362709542696
0.00021011762592096144
6.46022891942228e-07
0.001175819321417801
0.00027506210224120245
0.003337359655405102
0.030164471121156014
0.001818093548568071
0.0014899886248676015
2.2198035347095225e-05
0.011291658094629599
0.005903861452506542
0.0028909971378210347
0.0017558406885160227
1.686102685158862e-07
0.0030250924861299606
3.517014306031376e-05
0.0058170489230442105
0.0002675384263747119
0.00047883126812926476
0.00037860923531601344
0.007718217866291236
9.023260855281446e-05
0.012404146947086938
0.013928353130671332
0.008073568244352384
0.002119496560376146
4.164069736753168e-05
0.012404146947086938
0.00022795605091827315
0.013928353130671332
0.00019494806185919433
7.93315227609441e-06
0.00023102421817473937
0.0016459886644835339
0.0022432917075572894
0.0004905566826091533
0.013928353130671332
0.030164471121156014
0.001175819321417801
0.001569782988768905
0.0014899886248676015
0.003158551022285963
0.013928353130671332
0.00023436872421932426
0.007365440869331647
3.5084912330048644e-05
0.00331957358238625
0.01271062685965384
0.001585797927061535
0.010010483263058511
0.010010483263058511
1.359027613214922e-06
0.0017518560626171428
0.0058170489230442105
0.0008246768175990903
0.0007686880153807613
0.001150847812365352
0.0009998142236078826
0.0008577540449681222
0.0017985627656932723
0.003337359655405102
0.0058170489230442105
0.0016816374457725605
0.000290735381005255
0.005077111913139968
0.030164471121156014
0.0009353228381453107
0.0071889385921535525
0.0017897977173646192
0.0003239330239513424
3.151204319910752e-05
0.011291658094629599
0.0027584882448223767
0.0037915820446577987
0.012404146947086938
0.003032041255746379
9.554347243923011e-11
1.2117185789117454e-05
0.006544304133515155
0.0014497645690381869
6.880517388379269e-05
0.0004141270092419638
0.0034900978067834293
0.0002303798916891953
0.0016459886644835339
7.523459393844745e-08
0.0018846696284855568
0.00015717818672865468
0.0017518560626171428
0.003030424288279411
0.0034416603565011025
0.00021705571790062942
0.0009056657657000359
0.003158551022285963
0.005077111913139968
0.00029228638654773707
0.013928353130671332
0.030164471121156014
0.004473931570025973
0.005903861452506542
0.0006185579411931903
0.030164471121156014
0.0008059186282822943
0.00015889760872355232
0.012404146947086938
0.0012773898250600223
0.013928353130671332
0.00047330987380497964
2.5775127558855856e-05
0.00011110733243645558
0.0034900978067834293
0.00018857001919865947
0.006544304133515155
0.012258308047123627
0.00019644396727217092
4.508879404213498e-05
8.544582678952483e-06
0.012404146947086938
0.003032041255746379
1.4071481640757708e-06
0.0009807284193002496
0.0034900978067834293
5.660223618550106e-07
0.0019597727330317267
1.4205192980362366e-06
0.0004884279141028178
0.0006709097915468783
0.0030250924861299606
0.006544304133515155
0.0003759805558853492
0.0008135853970417887
0.001553191360840562
0.0026915918223784233
1.767879535954659e-06
0.030164471121156014
0.012258308047123627
0.0008059186282822943
0.030164471121156014
0.003032041255746379
7.244182193045286e-05
0.0006553232826366799
0.0017897977173646192
0.010010483263058511
0.0005937055341387926
0.001585797927061535
0.003280907898759094
8.29403597322597e-07
0.0058170489230442105
0.005403663753912171
0.0021077260858138012
0.0004632771139381829
0.0017897977173646192
2.058246130038537e-05
0.030164471121156014
0.007105567839714567
0.0024832384122041094
0.0013751113031030778
0.013928353130671332
0.006544304133515155
0.006544304133515155
0.00036178746526376645
0.0030250924861299606
0.00012407556523003896
0.013928353130671332
0.0013840821443707827
0.0037915820446577987
0.0003304089135368828
0.007105567839714567
0.008073568244352384
0.004959160958974024
0.0004606868701717841
0.0006645231191002863
0.013928353130671332
0.0034012393368448813
0.0008016420546312951
0.0018846696284855568
0.0016816374457725605
0.001150847812365352
0.0058170489230442105
0.010010483263058511
0.005403663753912171
0.008073568244352384
0.004959160958974024
0.0018846696284855568
5.4724392567628496e-05
0.010186211108098092
0.0016459886644835339
0.004959160958974024
0.0026793487070762966
0.005903861452506542
0.00038098696823212017
0.012404146947086938
0.00014798861220261623
9.872176014699436e-05
0.030164471121156014
0.0003701342842706455
0.0027584882448223767
0.0002992196614968888
0.0009372696226229442
0.004959160958974024
0.012258308047123627
0.004959160958974024
0.004959160958974024
2.1647880648242336e-05
0.002119496560376146
0.012404146947086938
0.030164471121156014
0.0006185579411931903
0.002726123813838781
0.001175819321417801
0.010010483263058511
0.0014420714537055437
0.002427972590913735
0.0034900978067834293
0.000128952665102924
0.0017518560626171428
0.001150847812365352
0.00014474376434870512
0.012258308047123627
0.012404146947086938
0.0017518560626171428
0.0004632771139381829
4.817643972323399e-05
0.0003931261284225375
2.623119577173025e-06
0.0024832384122041094
0.003337359655405102
0.00014494779991843345
0.008073568244352384
0.0009184731655197936
0.0016459886644835339
0.002414905554046107
0.0071889385921535525
0.010186211108098092
0.0027584882448223767
0.00036738232726676086
0.0058170489230442105
0.013928353130671332
0.012258308047123627
9.036761014504912e-06
0.0026915918223784233
0.030164471121156014
0.004959160958974024
0.001580154795459642
0.001559747533339601
0.0012558451446606244
0.001755642264044043
0.0003865379714728251
0.000467516435875968
0.004959160958974024
0.0004662994041649605
0.0032336754455387063
0.0071889385921535525
0.0027584882448223767
0.013928353130671332
0.007365440869331647
4.0143412842458e-05
0.0014420714537055437
0.011291658094629599
0.0012292226708286828
0.012258308047123627
6.17092596372072e-05
3.4789563706377064e-05
0.030164471121156014
0.01271062685965384
0.01271062685965384
0.0011357127854074323
0.0034416603565011025
0.004959160958974024
0.0037915820446577987
0.004959160958974024
4.105559448613037e-05
0.0013499336042709646
0.0003052942235901345
0.010186211108098092
0.0022432917075572894
0.0008135853970417887
0.0018846696284855568
0.030164471121156014
0.005903861452506542
7.296093926483383e-05
0.003032041255746379
0.0014390688897867143
0.0012292226708286828
0.004959160958974024
0.0018846696284855568
0.0058170489230442105
0.002489821159518222
0.011291658094629599
8.41328463572189e-05
1.1339571272602107e-06
0.0012558451446606244
0.0019597727330317267
0.0028909971378210347
0.007105567839714567
8.914783584982114e-06
0.012258308047123627
4.527413130122997e-05
0.0029340904468578718
0.0016459886644835339
0.0005019717307262394
0.0034900978067834293
2.351259825316039e-06
0.00265954239704942
5.742856622492241e-05
0.007718217866291236
1.7044521149719213e-05
0.0017897977173646192
0.013928353130671332
0.0006578099265760625
0.013928353130671332
0.001553191360840562
3.968294257045797e-05
8.394929837921396e-05
9.658337122225207e-05
0.001265770563980056
0.005802817846780592
0.013928353130671332
0.030164471121156014
0.0032336754455387063
0.0019018619163409627
0.0037915820446577987
0.0005268781923552564
0.0020092362709542696
0.003003876197044061
0.0029340904468578718
0.0012540013646248622
8.99435604114437e-05
0.0004606868701717841
0.005903861452506542
0.001150847812365352
0.0004482500675839023
0.0006098875435549072
0.00019433482722928117
0.0004606868701717841
0.0058170489230442105
0.00020510932566138304
0.001265770563980056
0.012258308047123627
0.0018858746373694437
0.0034416603565011025
0.0034900978067834293
0.004959160958974024
0.013928353130671332
0.007718217866291236
0.0014847529326271584
0.030164471121156014
0.004959160958974024
0.0004482500675839023
0.0006578099265760625
0.030164471121156014
0.004959160958974024
0.012258308047123627
0.0032336754455387063
0.0006419692390395404
5.0864820100626155e-05
0.0002083638370210775
0.00020276729629098303
0.0014497645690381869
0.00011866274633265958
0.002414905554046107
0.0034416603565011025
0.0014899886248676015
0.0008282790284398862
0.0013751113031030778
0.005903861452506542
0.0022432917075572894
0.030164471121156014
0.0002314972381736815
6.040109425004556e-05
1.5172862917688622e-05
0.0008109848985957797
0.0002070146953720457
0.0028909971378210347
0.0003931261284225375
0.0030250924861299606
0.012258308047123627
0.0006353540671785473
0.0008059186282822943
0.0027584882448223767
0.0013499336042709646
7.381271978921557e-05
0.003158551022285963
0.0017558406885160227
0.003030424288279411
0.011291658094629599
0.0010922983918195436
0.0012540013646248622
5.721874230123951e-05
0.0002303798916891953
0.01271062685965384
9.598493085960502e-05
0.010186211108098092
0.0029340904468578718
0.004959160958974024
0.0019597727330317267
0.0009975533283603077
0.0003051201900379375
0.001150847812365352
0.000203523149281517
0.001559747533339601
0.012404146947086938
0.0037915820446577987
0.004959160958974024
0.030164471121156014
0.0008016420546312951
0.00047001052717210836
0.012404146947086938
0.012258308047123627
0.030164471121156014
0.007365440869331647
0.0004860838329113597
0.001559747533339601
0.0027584882448223767
0.0029340904468578718
0.01271062685965384
9.266884549091747e-05
0.008073568244352384
3.8329043694569805e-06
0.007718217866291236
0.005077111913139968
0.010186211108098092
0.002119496560376146
0.01271062685965384
0.0006584197364565055
0.0030250924861299606
0.005802817846780592
0.0032336754455387063
0.003021888979793255
0.0009807284193002496
0.00011110733243645558
0.0034900978067834293
0.012258308047123627
9.85691759247398e-05
0.003158551022285963
0.0016425698134880117
0.0001957996003126043
0.00015019343498876925
0.0008059186282822943
0.030164471121156014
0.0007140616525201835
0.0012588803881210856
0.004473931570025973
0.0037915820446577987
0.0030250924861299606
0.0028909971378210347
0.0034900978067834293
0.030164471121156014
0.00013467752051635803
0.0019344308033409953
0.012404146947086938
0.00015834726982280915
0.0016816374457725605
0.002358103937614898
0.0013499336042709646
0.00032718772462229494
0.0002550912813496231
0.0034900978067834293
0.012404146947086938
0.0016816374457725605
0.030164471121156014
0.004959160958974024
0.005903861452506542
0.00016923183879131607
0.0006353540671785473
9.521477362501272e-07
0.0026793487070762966
0.0030250924861299606
0.00028691377739862786
0.0005932748496105238
0.010010483263058511
0.0010641206995601659
0.0010790969866252094
0.003158551022285963
0.0029609640019027422
0.002065776374062948
2.764323074892945e-07
0.001580154795459642
0.0003337124247406423
0.0017985627656932723
0.0007020181636906942
0.0026793487070762966
0.004959160958974024
0.004959160958974024
0.0011723123492356526
0.010186211108098092
0.012258308047123627
0.012258308047123627
0.006544304133515155
0.0029340904468578718
0.0034416603565011025
0.0014416716570228773
0.005077111913139968
2.9200177255842875e-05
0.0007020181636906942
3.380390271284133e-05
0.011291658094629599
0.008073568244352384
0.0028909971378210347
0.00021342185377638736
0.005802817846780592
0.0017518560626171428
0.000972184832233546
0.00013467752051635803
0.0003865379714728251
0.00040894966876178253
0.01271062685965384
0.0006645231191002863
0.000355837136670362
0.003021888979793255
0.0013499336042709646
0.002065776374062948
0.012258308047123627
0.003158551022285963
2.9596334219549394e-07
0.0037915820446577987
0.003337359655405102
0.011291658094629599
0.0029215288481007286
0.0016816374457725605
6.590499457659153e-07
0.013928353130671332
0.0019597727330317267
0.010010483263058511
0.0009998142236078826
0.005077111913139968
0.0008282790284398862
0.0006353540671785473
0.0018858746373694437
0.002489821159518222
0.001150847812365352
0.0014731041276866263
0.013928353130671332
0.0010336311463503183
2.117189414194663e-06
6.837214404577414e-07
0.0005358376735842933
0.0017518560626171428
0.012258308047123627
0.011291658094629599
0.004959160958974024
0.0022101970187314297
0.004959160958974024
0.0010661992927688195
0.030164471121156014
0.013928353130671332
8.552412733445983e-05
0.010186211108098092
1.3503688382267634e-05
0.00015358969419392195
0.001073867061068769
0.008073568244352384
0.030164471121156014
0.0022432917075572894
0.0030250924861299606
0.0032336754455387063
0.0026915918223784233
0.0030250924861299606
0.0013840821443707827
3.4789563706377064e-05
0.001366972704895208
0.01271062685965384
0.00038098696823212017
0.030164471121156014
0.005403663753912171
0.00015717818672865468
0.005403663753912171
2.4862045110621896e-05
4.527413130122997e-05
0.0012292226708286828
0.013928353130671332
0.00015877490708203967
0.007718217866291236
0.0027584882448223767
0.0058170489230442105
0.002489821159518222
0.005077111913139968
0.0007644191607383117
0.003337359655405102
0.0016816374457725605
0.0034416603565011025
2.4984979642859485e-05
7.486672313078511e-05
0.0034900978067834293
0.013928353130671332
0.0021077260858138012
3.6428387131240067e-07
0.004959160958974024
0.013928353130671332
0.008073568244352384
0.00019433482722928117
0.0014420714537055437
4.023448074030964e-05
0.001585797927061535
0.00039694416583089783
0.003280907898759094
0.001585797927061535
0.012404146947086938
0.0029609640019027422
0.002119496560376146
4.4253903427058164e-07
0.0034416603565011025
0.0014497645690381869
0.0001233887568159813
0.0013519272869704437
0.00017482232669484158
0.010010483263058511
8.197829996368184e-05
0.004959160958974024
7.385204919124581e-06
0.012404146947086938
0.000742489165290486
0.0001846175272652447
0.010186211108098092
0.0018846696284855568
0.0010336311463503183
0.013928353130671332
0.00010195340302124583
0.0016459886644835339
0.001073867061068769
0.0014731041276866263
0.0008577540449681222
0.0008607023356498491
1.429286943122705e-05
0.012258308047123627
0.0005043781073487043
0.0021077260858138012
0.0008577540449681222
0.012404146947086938
0.030164471121156014
0.012258308047123627
0.0022432917075572894
0.013928353130671332
0.0030250924861299606
0.011291658094629599
0.013928353130671332
0.004959160958974024
0.0006541520359794419
0.01271062685965384
0.0058170489230442105
0.0019267188630538294
0.0021077260858138012
0.003158551022285963
0.0032336754455387063
0.00047330987380497964
0.012258308047123627
0.0005768297407094166
0.030164471121156014
2.6372778194035454e-06
0.030164471121156014
5.015796547004712e-06
0.0030250924861299606
0.0001496939703804741
0.00017744647967808972
0.0007137022814798417
2.244491350816098e-05
0.005077111913139968
9.635727481688413e-05
0.010010483263058511
0.0006275279635777954
0.004959160958974024
0.0008071946167961612
0.0003991066199654958
0.0006068155529177126
0.00016567467472150196
0.00331957358238625
0.0071889385921535525
3.183641671237157e-05
0.0008150534685312958
0.007365440869331647
1.883629748545418e-05
0.0019873543025324975
0.012258308047123627
7.359906084642006e-05
0.030164471121156014
0.0009807284193002496
0.00016145168122538812
0.0005937055341387926
0.010010483263058511
0.0017518560626171428
0.004959160958974024
0.00023102421817473937
0.00023436872421932426
0.001818093548568071
0.013928353130671332
0.0006442959521563902
0.013928353130671332
0.013928353130671332
0.0058170489230442105
0.004959160958974024
0.004959160958974024
0.003030424288279411
0.0007819059360979958
0.012404146947086938
0.030164471121156014
0.010010483263058511
0.0008135853970417887
8.234170930195538e-06
0.0016459886644835339
0.0029609640019027422
0.0002675384263747119
0.0021077260858138012
0.0058170489230442105
0.00045963803408403036
0.003003876197044061
0.0019873543025324975
0.0005230029925547218
0.0032336754455387063
0.0034900978067834293
7.872375323056055e-05
0.0010641206995601659
0.0006584197364565055
0.0010790969866252094
0.0010790969866252094
0.012258308047123627
0.0037915820446577987
0.004959160958974024
0.0028909971378210347
0.000203523149281517
0.0034416603565011025
0.0014899886248676015
0.012258308047123627
0.0003392180339592647
0.030164471121156014
0.0028909971378210347
0.004473931570025973
0.0032336754455387063
0.0018846696284855568
0.0019597727330317267
0.0004092690672747013
0.0009807284193002496
0.002414905554046107
0.0037915820446577987
0.0027584882448223767
0.002726123813838781
4.298355853086383e-06
0.0019711876958426497
7.101158312327292e-05
0.012258308047123627
0.010010483263058511
0.007718217866291236
0.003337359655405102
0.004473931570025973
3.614594687577398e-05
0.010186211108098092
0.010010483263058511
0.010186211108098092
5.519742979549595e-05
0.012258308047123627
0.00038910066723769985
0.00010751041506928483
0.0019344308033409953
0.003032041255746379
0.002427972590913735
0.030164471121156014
0.013928353130671332
0.0015106360395923408
0.004959160958974024
0.012258308047123627
0.010010483263058511
0.0034416603565011025
0.00040894966876178253
8.789709411705093e-13
2.2228858025961917e-05
0.0021717847935196375
0.0005914734629539485
0.008073568244352384
0.010010483263058511
0.010010483263058511
0.010010483263058511
0.0037915820446577987
0.013928353130671332
0.003337359655405102
0.0009184731655197936
0.0034416603565011025
0.005403663753912171
0.0004606868701717841
0.004959160958974024
0.00016177675102850087
0.004959160958974024
0.01271062685965384
0.030164471121156014
0.0021077260858138012
0.0019344308033409953
0.0024832384122041094
0.0009998142236078826
0.012404146947086938
4.617973852108926e-06
0.002414905554046107
0.0005545361137939357
0.01271062685965384
0.010010483263058511
0.002119496560376146
0.004959160958974024
0.003337359655405102
0.0007861141060127616
0.01271062685965384
0.005403663753912171
0.0021077260858138012
0.0022432917075572894
0.004959160958974024
0.0028909971378210347
0.010010483263058511
0.012258308047123627
0.030164471121156014
1.0492152180967447e-06
0.0008071946167961612
0.013928353130671332
0.0010790969866252094
4.2566252027873355e-07
0.0001089032825312519
0.0003395538231099793
0.0026915918223784233
0.0007861141060127616
0.00265954239704942
1.4120242625843306e-05
0.0010922983918195436
0.0034900978067834293
0.0008246768175990903
0.0022432917075572894
0.00023129475464801893
0.004959160958974024
0.030164471121156014
0.0008388245798001113
0.013928353130671332
8.666147151063005e-05
0.0034900978067834293
0.030164471121156014
0.0058170489230442105
0.013928353130671332
0.0005358376735842933
0.0008071946167961612
0.0017897977173646192
0.001559747533339601
8.666147151063005e-05
0.030164471121156014
0.030164471121156014
0.0014731041276866263
3.683824212135549e-05
0.0029340904468578718
0.0016816374457725605
0.0012292226708286828
0.012258308047123627
0.012258308047123627
0.012258308047123627
0.004959160958974024
0.0016707489578799434
0.0030250924861299606
0.0004606868701717841
0.0034900978067834293
0.01271062685965384
0.010186211108098092
0.0034416603565011025
0.0009056657657000359
0.0023992482698110868
0.0032336754455387063
0.003003876197044061
0.030164471121156014
0.001150847812365352
0.00044821812086590605
0.0010790969866252094
0.002427972590913735
0.030164471121156014
0.0004141270092419638
0.010010483263058511
7.325566996158701e-05
0.0018413406057544964
0.001569782988768905
0.007718217866291236
0.0034416603565011025
0.00015717818672865468
0.00021342185377638736
0.00036962304912931294
0.004959160958974024
6.700446010238399e-06
0.007718217866291236
0.0001502147766571653
0.008073568244352384
0.0023857048886772405
0.01271062685965384
0.0007137022814798417
0.0013906962258235299
0.0007881331002608108
0.004473931570025973
0.0032336754455387063
7.381150454714106e-06
2.5622197837337976e-05
0.0003682253534356729
0.030164471121156014
9.29414554604554e-05
3.683824212135549e-05
0.0013840821443707827
0.001200195162743176
0.00040431425262043305
0.01271062685965384
0.0013906962258235299
0.0003877223988280501
0.0012558451446606244
0.005802817846780592
0.010186211108098092
0.0008282790284398862
0.004959160958974024
0.0034416603565011025
0.0008932112149343998
0.0005665462430639997
0.00040434759710250654
0.0002719451084518725
4.867232958665792e-06
0.0029340904468578718
0.007718217866291236
0.013928353130671332
0.030164471121156014
0.00023651430365395848
0.013928353130671332
0.000972184832233546
0.003280907898759094
0.0018858746373694437
0.004473931570025973
0.0034416603565011025
0.001150847812365352
0.00027904847917782595
0.0030250924861299606
0.0008135853970417887
0.008073568244352384
0.00038910066723769985
0.0002768058591970041
0.0008282790284398862
3.489110298347895e-06
0.0013906962258235299
0.004959160958974024
0.030164471121156014
0.012258308047123627
0.006544304133515155
0.0016933642319504694
1.1451492218447854e-05
0.0010661992927688195
5.358525163184002e-05
0.0022432917075572894
0.0013906962258235299
0.0010894302333500955
0.0014899886248676015
0.00011901365687045588
0.0037915820446577987
0.011291658094629599
1.3153748603310107e-05
0.002065776374062948
0.01271062685965384
0.0014899886248676015
0.004959160958974024
0.030164471121156014
0.0012588803881210856
0.003021888979793255
0.0071889385921535525
0.010186211108098092
0.0005986654760782714
0.030164471121156014
0.00024920698646931604
0.0009575689846457185
0.0019267188630538294
0.00034271460874691706
0.013928353130671332
7.628232334693386e-05
0.0037915820446577987
0.0016459886644835339
0.0006059385632615926
0.0005885770026095921
0.0028909971378210347
0.003280907898759094
0.0008059186282822943
0.0001759619944361559
0.001585797927061535
1.7437509382345687e-06
0.0014070705043784958
0.0027584882448223767
0.010010483263058511
0.0018846696284855568
0.013928353130671332
0.001265770563980056
8.99435604114437e-05
0.0005969586285228669
5.098849025365459e-06
0.008073568244352384
0.0034012393368448813
0.001150847812365352
0.0017518560626171428
0.010186211108098092
0.0005177577933048179
0.0021077260858138012
0.0028909971378210347
0.030164471121156014
0.002414905554046107
0.0015106360395923408
0.00045479470846000476
0.013928353130671332
0.012258308047123627
2.4233267777000467e-08
0.0008016420546312951
6.817802265531459e-06
0.010010483263058511
0.0004589114523652926
0.001585797927061535
0.0026793487070762966
0.012258308047123627
0.000246895446962497
0.012258308047123627
0.0004606868701717841
0.012404146947086938
0.00015877490708203967
0.0006935992788057138
0.0013499336042709646
0.002119496560376146
0.00013174353158279225
0.0032336754455387063
0.0010894302333500955
2.165188665941356e-05
0.01271062685965384
0.0029340904468578718
0.0023992482698110868
5.2115431919141225e-05
0.012404146947086938
0.0008246768175990903
1.1210967796348482e-06
0.0026915918223784233
0.0021077260858138012
0.0071889385921535525
3.0170665473363417e-06
0.0014497645690381869
0.013928353130671332
0.003158551022285963
0.0028909971378210347
0.0006068155529177126
0.0010641206995601659
0.0012558451446606244
0.0034900978067834293
0.0017518560626171428
0.0013519272869704437
0.001164725979704767
0.0071889385921535525
3.0157016307108715e-06
0.0010661992927688195
0.010186211108098092
0.00031546396471244164
0.000769823271213132
0.012258308047123627
0.0014497645690381869
0.012404146947086938
0.0006807318415132995
0.030164471121156014
0.030164471121156014
0.0017518560626171428
0.0008282790284398862
0.0010922983918195436
0.003003876197044061
0.0006059385632615926
0.0019267188630538294
0.0006582500977586237
0.005403663753912171
0.012258308047123627
0.01271062685965384
0.0002593546446206011
0.002726123813838781
0.0034416603565011025
0.00036687921184717963
0.0022101970187314297
0.0012292226708286828
0.004959160958974024
0.0013519272869704437
0.006544304133515155
0.00013467752051635803
0.003003876197044061
0.0014390688897867143
0.00265954239704942
0.0032336754455387063
0.010010483263058511
0.013928353130671332
9.651253452674924e-09
0.00036738232726676086
0.004959160958974024
0.030164471121156014
0.0026915918223784233
0.005903861452506542
0.004473931570025973
0.004959160958974024
0.0019240603368083633
0.005077111913139968
0.0007881331002608108
0.01271062685965384
0.0026915918223784233
4.9259677096027965e-08
0.0010922983918195436
0.0019267188630538294
0.00020253675887087989
1.591202372952169e-06
0.003032041255746379
0.0027584882448223767
0.013928353130671332
0.012258308047123627
0.0022432917075572894
0.0007020181636906942
0.0037915820446577987
0.0014899886248676015
0.0034416603565011025
0.004959160958974024
0.0008282790284398862
0.001585797927061535
0.01271062685965384
0.001366972704895208
0.0019267188630538294
0.0016816374457725605
0.0005665462430639997
0.01271062685965384
0.0023857048886772405
3.1650182063728063e-05
0.0005986654760782714
0.0005358376735842933
0.012258308047123627
4.027812113270926e-06
0.010186211108098092
0.0005358376735842933
0.030164471121156014
0.0008071946167961612
0.0006059385632615926
0.001164725979704767
0.0026915918223784233
0.00040434759710250654
0.012258308047123627
0.00015717818672865468
0.010186211108098092
8.234170930195538e-06
0.01271062685965384
9.549153700222877e-06
0.0029340904468578718
0.0032336754455387063
0.013928353130671332
0.005802817846780592
0.0034416603565011025
0.010186211108098092
0.002726123813838781
1.7128833480388808e-05
0.030164471121156014
0.0014899886248676015
0.007105567839714567
0.004959160958974024
0.005903861452506542
0.002489821159518222
0.0026793487070762966
0.0022432917075572894
0.0026915918223784233
0.0003688997495916676
0.002358103937614898
0.013928353130671332
0.0016816374457725605
4.508879404213498e-05
0.0006532146908416379
0.004473931570025973
0.010186211108098092
0.0017897977173646192
0.0014899886248676015
0.007718217866291236
1.3480033001415145e-05
4.4798940826858234e-05
0.0010790969866252094
2.162107596803296e-05
0.0010641206995601659
7.628232334693386e-05
0.0029609640019027422
0.004959160958974024
0.01271062685965384
0.00023102421817473937
0.008073568244352384
0.0034900978067834293
0.0006421419774411152
0.0024832384122041094
0.012258308047123627
0.0003997477707802354
0.0034900978067834293
0.010186211108098092
0.010186211108098092
0.0012292226708286828
0.0008059186282822943
0.0034900978067834293
0.013928353130671332
0.00014773150296470278
0.0034416603565011025
0.012404146947086938
0.01271062685965384
0.0016816374457725605
0.003030424288279411
0.0058170489230442105
0.013928353130671332
0.0027584882448223767
0.004959160958974024
0.0011357127854074323
0.008073568244352384
0.01271062685965384
0.00023102421817473937
0.0009056657657000359
0.0028909971378210347
1.988843991490791e-05
0.0030250924861299606
0.0030250924861299606
0.005077111913139968
9.554347243923011e-11
0.00044821812086590605
0.002414905554046107
0.0014899886248676015
0.001104762723281672
0.0006419692390395404
0.010186211108098092
0.0013906962258235299
0.012258308047123627
3.061432370544265e-08
0.0014899886248676015
0.0017897977173646192
1.5611747695193964e-05
0.030164471121156014
0.000915495068862762
0.0013840821443707827
0.005903861452506542
0.00046979572689862664
0.0003722273639244545
0.000687136185389577
0.0034416603565011025
0.012404146947086938
0.00017516940140930876
0.010186211108098092
0.030164471121156014
0.0016459886644835339
0.00331957358238625
0.004959160958974024
0.01271062685965384
0.007365440869331647
0.005802817846780592
0.0008016420546312951
0.004959160958974024
0.00043589757814594364
0.010010483263058511
0.00029228638654773707
0.0015415311939779323
0.0014420714537055437
0.030164471121156014
0.002444214014131014
0.0029340904468578718
0.005403663753912171
2.7071982807090524e-05
0.013928353130671332
0.0008607023356498491
0.006544304133515155
0.0071889385921535525
1.0767217691715417e-05
0.0029340904468578718
0.013928353130671332
0.0010971248469937665
0.012258308047123627
0.0034416603565011025
0.0034900978067834293
0.0018846696284855568
0.006544304133515155
0.004959160958974024
0.003032041255746379
0.013928353130671332
0.012258308047123627
0.005903861452506542
0.0005034561660307627
0.0028909971378210347
0.012258308047123627
0.001559747533339601
7.789711616010709e-06
0.010010483263058511
0.013928353130671332
0.0003635494352311661
0.030164471121156014
6.872789174052233e-05
0.0005693207494524557
0.012258308047123627
0.0030250924861299606
0.030164471121156014
0.012258308047123627
0.001150847812365352
0.001710486815832928
0.0006442959521563902
0.00019439276053552675
0.0021077260858138012
0.0013751113031030778
0.0012558451446606244
0.0004606868701717841
0.030164471121156014
0.0016749143753439343
0.0009807284193002496
0.013928353130671332
0.00047001052717210836
0.0034012393368448813
0.0034416603565011025
0.003030424288279411
0.005403663753912171
0.0020092362709542696
0.0003017112602020835
0.012258308047123627
0.0019873543025324975
0.030164471121156014
0.00010751041506928483
0.013928353130671332
0.00038910066723769985
0.0003759805558853492
0.0019267188630538294
0.01271062685965384
0.030164471121156014
0.001366972704895208
0.00010549134956419322
0.000970601136773257
0.004959160958974024
1.8082092474708007e-05
6.837490333111429e-05
0.000248367250527853
0.013928353130671332
0.012404146947086938
0.0007100961615285665
0.030164471121156014
0.0001970698686212251
0.0011974876379265147
8.665459473181439e-07
0.003003876197044061
0.00036346314481753
0.00011864789783002034
0.0034416603565011025
0.0006068155529177126
0.0009353228381453107
0.001416681809022006
0.0034900978067834293
0.001559747533339601
0.00044924821386021965
0.00021641688660055045
0.0016816374457725605
0.0032336754455387063
0.0017897977173646192
3.570854384617357e-07
2.531080047912023e-05
0.0037915820446577987
0.003003876197044061
0.004959160958974024
0.0026915918223784233
0.004473931570025973
0.010186211108098092
0.0001846175272652447
0.001200195162743176
1.982248746357348e-05
0.030164471121156014
0.0013751113031030778
0.00023651430365395848
0.0027584882448223767
0.030164471121156014
1.6207020445743042e-07
8.242112025005867e-05
0.030164471121156014
0.0004716440575585246
1.9494685475762198e-05
0.0022432917075572894
1.1192852511464346e-06
0.012404146947086938
0.00012021660573869036
0.0028909971378210347
0.004959160958974024
0.007105567839714567
0.0034900978067834293
0.0037915820446577987
0.0006275279635777954
0.005077111913139968
0.003003876197044061
0.0007954326816111325
0.0006491145496597852
0.0001303463694628808
0.0006582500977586237
1.8748044678875038e-05
0.010186211108098092
5.648696245450467e-05
0.00014582676745674133
0.0029609640019027422
0.0005034561660307627
0.01271062685965384
0.00015717818672865468
0.0017518560626171428
0.0022432917075572894
0.030164471121156014
0.004959160958974024
0.005403663753912171
8.41328463572189e-05
0.00010879300645215851
9.706500488336359e-05
0.012258308047123627
0.005403663753912171
0.013928353130671332
0.0005533842976328611
0.012404146947086938
0.010186211108098092
0.0028909971378210347
0.012404146947086938
0.001150847812365352
0.0022101970187314297
0.007718217866291236
0.002414905554046107
0.004959160958974024
0.004473931570025973
0.012258308047123627
0.0034900978067834293
0.0017515410924916464
0.0009975533283603077
0.004959160958974024
0.013928353130671332
0.0017518560626171428
0.0004610161468913739
0.004959160958974024
0.0012540013646248622
0.0009575689846457185
0.01271062685965384
0.0005619655205638479
0.012404146947086938
0.012258308047123627
0.0016707489578799434
0.005403663753912171
0.0020092362709542696
0.005903861452506542
0.0027584882448223767
0.00331957358238625
0.0012540013646248622
0.003280907898759094
0.0017518560626171428
0.007365440869331647
0.0008246768175990903
0.0001256462797715194
0.0032336754455387063
0.012258308047123627
0.0016707489578799434
0.003158551022285963
0.0017518560626171428
3.225521203143074e-06
7.922052387390917e-06
0.0010790969866252094
0.0006203504834016945
0.0016749143753439343
0.0018858746373694437
0.0003877223988280501
0.0008246768175990903
0.007365440869331647
0.012258308047123627
0.0034900978067834293
1.8701813671917478e-05
0.00019094338863048874
0.011291658094629599
0.013928353130671332
0.0019873543025324975
0.0001010616952722837
0.013928353130671332
0.0029933713425672093
0.012258308047123627
0.0026915918223784233
0.0011357127854074323
0.010186211108098092
0.001150847812365352
0.0019711876958426497
0.00029274915544140294
0.0014390688897867143
0.0032336754455387063
0.012258308047123627
0.0009056657657000359
0.0013499336042709646
0.0019344308033409953
0.0010336311463503183
0.012258308047123627
0.00010346252504538946
0.030164471121156014
0.0013906962258235299
8.075273353234718e-05
0.0021077260858138012
0.0034900978067834293
0.0029933713425672093
0.0020092362709542696
0.0017897977173646192
0.0003239330239513424
0.0034900978067834293
0.012258308047123627
0.0008135853970417887
0.030164471121156014
4.263109877359001e-05
0.0011723123492356526
0.005077111913139968
0.007718217866291236
0.0014420714537055437
0.0017897977173646192
0.010186211108098092
0.0032336754455387063
0.0034900978067834293
0.030164471121156014
0.030164471121156014
5.9978509154697164e-05
0.030164471121156014
0.0016816374457725605
0.00011469012397211185
0.013928353130671332
0.0015106360395923408
0.0010336311463503183
0.013928353130671332
0.00022505067132500738
0.007105567839714567
0.012258308047123627
0.012258308047123627
0.0007202587353911266
0.0012292226708286828
0.0034900978067834293
0.0058170489230442105
0.013928353130671332
0.012404146947086938
0.012258308047123627
0.0004903099738817122
0.00014582676745674133
0.010010483263058511
0.00029643750180115584
5.648696245450467e-05
0.0029933713425672093
0.007718217866291236
0.0016707489578799434
0.00331957358238625
0.012258308047123627
0.012404146947086938
0.004959160958974024
0.001755642264044043
0.0071889385921535525
0.005802817846780592
0.013928353130671332
0.0016459886644835339
0.012258308047123627
0.0016459886644835339
0.0021077260858138012
0.007365440869331647
3.5084912330048644e-05
0.001366972704895208
0.0016745172777407826
0.0028909971378210347
0.030164471121156014
0.0008756323777449194
0.030164471121156014
0.0017515410924916464
0.003032041255746379
0.0019344308033409953
0.00010525446973865373
0.0017897977173646192
0.010186211108098092
